time,u,v,r,x,y,ψ,δ,n_p
0.0,1.2,0.0,0.0,0.0,0.0,0.0,0.6108652381980153,15.0
0.1001001001001001,1.197614527082897,-0.00434548515110465,0.01094450981831928,0.12000020691487584,-0.00019201359484776392,0.0005547951300847359,0.6108652381980154,15.000000000000002
0.2002002002002002,1.1952834716464906,-0.00904546920140108,0.02110294130862319,0.23976534192758517,-0.0007067840266967277,0.0021648848351087766,0.6108652381980152,14.999999999999998
0.3003003003003003,1.1929786857723754,-0.01405548232501765,0.03057548153147542,0.35930116896580144,-0.0014563833419017481,0.004756739838297217,0.6108652381980152,14.999999999999996
0.4004004004004004,1.1906739425644814,-0.019335062239729243,0.039446484106419565,0.47861157289915435,-0.00235753417658291,0.008266046022837608,0.610865238198015,14.999999999999993
0.5005005005005005,1.1883448561354195,-0.024846991983129445,0.04778678647304221,0.5976985113860582,-0.0033309052218499905,0.012636238968110875,0.6108652381980151,14.999999999999995
0.6006006006006006,1.1859688098052394,-0.030556719567167406,0.05565565932270182,0.7165619852381522,-0.004300529346977454,0.017817251226737413,0.6108652381980151,15.0
0.7007007007007007,1.183524898086563,-0.03643190902144049,0.06310245813163452,0.8352000220845913,-0.005193331166018341,0.023764439383215142,0.6108652381980151,14.999999999999995
0.8008008008008008,1.1809938845521708,-0.042442090737211266,0.07016803412534425,0.9536086702468055,-0.005938751131093945,0.030437663789245145,0.610865238198015,14.999999999999995
0.9009009009009009,1.1783581755192674,-0.048558390779209655,0.07688594936357203,1.0717820011891603,-0.0064684546494951,0.03780050003970772,0.610865238198015,14.999999999999996
1.001001001001001,1.1756018078974713,-0.054753325087908145,0.08328353389236816,1.1897121198307272,-0.00671611510310162,0.04581956371992237,0.610865238198015,14.999999999999996
1.1011011011011012,1.172710448682704,-0.06100064884483476,0.08938281731842657,1.3073891828414614,-0.0066172611029390715,0.05446393226928113,0.6108652381980151,15.0
1.2012012012012012,1.169671402363524,-0.06727525573767165,0.09520134934500668,1.424801425725845,-0.006109181486747136,0.06370465777504465,0.610865238198015,14.999999999999995
1.3013013013013013,1.1664736228561874,-0.07355311893932423,0.10075293166045728,1.541935198816768,-0.005130878435551714,0.07351435736000607,0.610865238198015,14.999999999999995
1.4014014014014013,1.163107726731842,-0.07981126737300638,0.10604828223675265,1.6587750127335454,-0.003623060909093827,0.08386686838696335,0.6108652381980147,14.999999999999993
1.5015015015015014,1.1595660022133207,-0.08602779607785793,0.11109562804874179,1.7753035959426475,-0.0015281766442876716,0.09473697143987563,0.610865238198015,15.0
1.6016016016016017,1.1558424116729857,-0.09218189977738388,0.11590123309841352,1.8915019619296567,0.0012095289147225766,0.10610017090942259,0.610865238198015,15.0
1.7017017017017018,1.1519325853117923,-0.09825392513649395,0.12046989107707576,2.0073494883593717,0.0046439306253039745,0.11793251666830477,0.610865238198015,15.000000000000002
1.8018018018018018,1.1478337992722163,-0.10422543980665856,0.12480534103305417,2.1228240100032405,0.008826919376806928,0.1302104862272778,0.6108652381980149,14.999999999999993
1.901901901901902,1.143544943264686,-0.11007930224812454,0.1289106508333543,2.237901918142067,0.013808293110426615,0.14291089244995667,0.6108652381980151,15.000000000000002
2.002002002002002,1.1390664675514184,-0.11579973910580446,0.13278854622588013,2.352558278232318,0.019635631098393155,0.15601083603911145,0.610865238198015,15.0
2.1021021021021022,1.1344003182361952,-0.1213724120728794,0.136441678134982,2.4667669495698643,0.02635417476082665,0.169487686324886,0.610865238198015,14.999999999999998
2.2022022022022023,1.1295498529777839,-0.1267844782954873,0.1398728665492178,2.580500720986227,0.03400670491773508,0.18331908119607637,0.6108652381980149,14.999999999999995
2.3023023023023024,1.1245197436067071,-0.13202463656598917,0.1430852611454085,2.6937314497515517,0.0426334271192538,0.19748296132955775,0.6108652381980149,14.999999999999996
2.4024024024024024,1.1193158665458878,-0.13708315372368624,0.14608249801165846,2.8064302067306066,0.05227187125495823,0.21195759923613264,0.6108652381980149,14.999999999999996
2.5025025025025025,1.1139451783465273,-0.14195187688450409,0.14886876649511468,2.918567429676787,0.06295679594626741,0.22672166665587104,0.6108652381980149,14.999999999999996
2.6026026026026026,1.1084155903241457,-0.14662421900433742,0.1514488866009754,3.0301130701859664,0.07472012257137825,0.2417542768107522,0.6108652381980149,14.999999999999996
2.7027027027027026,1.1027358275911154,-0.1510951311311536,0.1538282978088463,3.1410367530839554,0.08759087113895153,0.25703506632172557,0.6108652381980149,14.999999999999996
2.8028028028028027,1.0969152986757889,-0.1553610487764808,0.1560130730201496,3.251307918397494,0.10159513470852322,0.27254423779939846,0.6108652381980149,14.999999999999996
2.9029029029029028,1.090963950418428,-0.15941982647541142,0.15800984932056936,3.3608959779095504,0.11675605408077122,0.2882626412121026,0.6108652381980147,14.999999999999996
3.003003003003003,1.0848921432144514,-0.1632706526280983,0.15982579837050795,3.4697704456785425,0.13309383396828997,0.30417180718997405,0.6108652381980149,14.999999999999998
3.103103103103103,1.078710513055202,-0.16691395498131775,0.161468520893263,3.5779010840266188,0.1506257580973747,0.3202540175669647,0.610865238198015,14.999999999999998
3.2032032032032034,1.0724298611602512,-0.17035129499953175,0.1629459939023388,3.685258017178182,0.16936624449267856,0.3364923233286242,0.6108652381980151,15.000000000000002
3.3033033033033035,1.0660610318188433,-0.17358525610366107,0.1642664492456676,3.7918118607291134,0.18932689774872924,0.3528705987426439,0.610865238198015,15.0
3.4034034034034035,1.0596148221530848,-0.17661932929980284,0.16543831526938482,3.8975338147132517,0.21051659777076936,0.3693735413999608,0.6108652381980149,14.999999999999996
3.5035035035035036,1.053101881002194,-0.1794577962427975,0.16647009577222674,4.002395772773905,0.2329415825299064,0.38598670833516385,0.6108652381980149,14.999999999999996
3.6036036036036037,1.0465326414448197,-0.18210561645045456,0.1673703190324377,4.106370392790213,0.2566055628453616,0.40269649844039695,0.6108652381980149,14.999999999999996
3.7037037037037037,1.0399172425561498,-0.18456831530746312,0.16814742823673648,4.209431184219501,0.28150982706499045,0.4194901719255809,0.6108652381980149,14.999999999999996
3.803803803803804,1.0332654846455545,-0.18685188061439867,0.16880974563358195,4.3115525561015025,0.3076533738928098,0.436355817332,0.610865238198015,14.999999999999998
3.903903903903904,1.0265867729822453,-0.18896266259344258,0.16936538033347368,4.412709882951354,0.33503303007478535,0.45328235738312933,0.6108652381980151,14.999999999999998
4.004004004004004,1.0198900937097604,-0.1909072846306816,0.16982221058979796,4.512879531406495,0.3636435935198124,0.47025950403393135,0.6108652381980152,15.000000000000002
4.104104104104104,1.0131839769384288,-0.19269255915800862,0.17018781099697342,4.612038906313404,0.39347795596210194,0.4872777541776048,0.6108652381980151,15.0
4.2042042042042045,1.006476489901341,-0.19432541468279999,0.1704694517721874,4.710166458591426,0.4245272495402393,0.5043283369243637,0.610865238198015,14.999999999999996
4.3043043043043046,0.9997752162767278,-0.19581282903153177,0.17067404554334578,4.807241713519859,0.45678096765247456,0.5214032019993639,0.610865238198015,14.999999999999996
4.404404404404405,0.9930872622623981,-0.19716177234744928,0.17080815910845812,4.9032452635784045,0.49022710972287553,0.5384949639071139,0.610865238198015,14.999999999999996
4.504504504504505,0.9864192491887954,-0.19837915749007462,0.1708779796900856,4.998158780735545,0.5248522950359975,0.5555968845882832,0.610865238198015,14.999999999999996
4.604604604604605,0.9797773278892751,-0.19947179726821893,0.1708893324895975,5.0919649988182805,0.5606419014995698,0.5727028194523814,0.610865238198015,14.999999999999996
4.704704704704705,0.9731671823066779,-0.2004463704538989,0.1708476667009171,5.184647711038724,0.5975801698269789,0.5898071942107165,0.610865238198015,14.999999999999996
4.804804804804805,0.9665940475177229,-0.2013093910477851,0.17075807131003656,5.2761917470220245,0.6356503318201026,0.6069049580563044,0.610865238198015,14.999999999999996
4.904904904904905,0.9600627229962365,-0.20206718752698483,0.1706252815256269,5.3665829559152884,0.6748347058261305,0.6239915530860076,0.610865238198015,14.999999999999996
5.005005005005005,0.9535775898543334,-0.2027258818623034,0.17045368612046796,5.45580818351733,0.7151148088973918,0.6410628795396459,0.610865238198015,14.999999999999996
5.105105105105105,0.9471426330284062,-0.20329137944875536,0.17024735365854382,5.543855240861666,0.7564714473774661,0.6581152562815689,0.610865238198015,14.999999999999996
5.205205205205205,0.9407614546918546,-0.20376935564560167,0.17001002896163855,5.630712885509472,0.7988848078987342,0.6751454000843632,0.610865238198015,14.999999999999996
5.305305305305305,0.9344373029960842,-0.20416525378356834,0.16974517258845073,5.716370778258608,0.8423345454439465,0.692150379921077,0.610865238198015,14.999999999999996
5.405405405405405,0.9281730829602196,-0.2044842779368819,0.16945595398497915,5.800819466600507,0.8867998539419479,0.7091276046245589,0.610865238198015,14.999999999999996
5.505505505505505,0.9219713855829175,-0.20473139551911,0.16914528834258882,5.8840503384820195,0.9322595490841382,0.7260747810296184,0.610865238198015,14.999999999999996
5.605605605605605,0.9158345015199297,-0.20491133671918527,0.16881584191017232,5.966055599732855,0.978692124119709,0.7429898983012616,0.610865238198015,14.999999999999996
5.7057057057057055,0.909764442868568,-0.2050285976086916,0.1684700494001521,6.046828237132173,1.0260758205276947,0.7598712017061438,0.610865238198015,14.999999999999996
5.8058058058058055,0.9037629645977894,-0.2050874466991002,0.16811014039755393,6.126361981459784,1.074388679682914,0.7767171650237691,0.610865238198015,14.999999999999996
5.905905905905906,0.897831576135743,-0.20509192665790266,0.16773813675983865,6.204651285609393,1.1236085935553206,0.7935264817391259,0.6108652381980149,14.999999999999996
6.006006006006006,0.8919715672363193,-0.2050458652843445,0.1673558867641556,6.281691277793915,1.173713357656413,0.810298032502593,0.610865238198015,14.999999999999998
6.106106106106106,0.8861840178765842,-0.20495287919231844,0.16696506651206347,6.3574777416538755,1.2246807054278002,0.827030877373897,0.6108652381980152,15.000000000000002
6.206206206206206,0.8804698164302275,-0.20481638242404102,0.16656719437605375,6.432007080262272,1.2764883539693925,0.843724237497968,0.610865238198015,14.999999999999996
6.306306306306307,0.8748296774881492,-0.20463959630647977,0.16616365373335645,6.50527628124996,1.3291140356919584,0.8603774741924549,0.6108652381980151,14.999999999999998
6.406406406406407,0.8692641494459442,-0.20442555355289915,0.16575568851637867,6.577282898687156,1.3825355280675815,0.8769900860730704,0.6108652381980151,14.999999999999996
6.506506506506507,0.8637736342590153,-0.20417711054615897,0.1653444268190474,6.648025012113927,1.4367306869716947,0.8935616871608942,0.610865238198015,14.999999999999995
6.606606606606607,0.8583583975447652,-0.20389695409350186,0.16493088959183014,6.717501204133191,1.491677466194508,0.9100919973611632,0.610865238198015,14.999999999999995
6.706706706706707,0.8530185768155704,-0.20358760732276437,0.16451598959059655,6.785710539377516,1.547353941844537,0.9265808384095338,0.610865238198015,14.999999999999995
6.806806806806807,0.8477541988348941,-0.20325144215090787,0.16410055399509121,6.852652526369247,1.603738334437924,0.943028114495046,0.610865238198015,14.999999999999995
6.906906906906907,0.8425651854004836,-0.202890684020841,0.16368532581672157,6.918327102277208,1.6608090216909817,0.9594338087255161,0.610865238198015,14.999999999999995
7.007007007007007,0.8374513616048774,-0.2025074188308412,0.16327096578684386,6.98273461059381,1.7185445566307782,0.9757979781831478,0.610865238198015,14.999999999999995
7.107107107107107,0.8324124698584798,-0.2021036041539029,0.16285807079602624,7.0458757682831274,1.7769236813033884,0.9921207385829656,0.610865238198015,14.999999999999995
7.207207207207207,0.8274481737940181,-0.20168107309012726,0.1624471733101013,7.107751653723802,1.8359253351530116,1.0084022628019496,0.610865238198015,14.999999999999995
7.307307307307307,0.822558064992691,-0.20124154071482478,0.162038742842355,7.168363686721044,1.8955286671997378,1.0246427771553468,0.610865238198015,14.999999999999995
7.407407407407407,0.8177416746750825,-0.2007866143209098,0.1616332012189033,7.22771359927966,1.9557130441531922,1.040842548910612,0.610865238198015,14.999999999999995
7.5075075075075075,0.8129984767800048,-0.20031779680840842,0.1612309225786945,7.2858034253501724,2.0164580551230094,1.0570018850260268,0.6108652381980151,14.999999999999995
7.607607607607608,0.8083278922412022,-0.19983649158029512,0.1608322321394388,7.342635485609207,2.077743519273673,1.0731211309934212,0.610865238198015,14.999999999999995
7.707707707707708,0.8037292991148287,-0.1993440121863647,0.16043741917988458,7.398212360360562,2.1395494898546557,1.0892006603224478,0.6108652381980147,14.999999999999995
7.807807807807808,0.7992020354739461,-0.19884158550165465,0.1600467389138263,7.452536880347994,2.2018562560622885,1.105240872490764,0.6108652381980147,14.999999999999993
7.907907907907908,0.7947454016810893,-0.1983303551966527,0.1596604090018981,7.505612115676734,2.2646443474812483,1.121242193843598,0.6108652381980146,14.99999999999999
8.008008008008009,0.7903586679379181,-0.19781138957818348,0.1592786186211527,7.557441353864998,2.3278945349522657,1.1372050701710201,0.6108652381980147,14.999999999999991
8.108108108108109,0.7860410783682935,-0.19728568599112298,0.1589015330629106,7.608028087621785,2.391587830632651,1.1531299628874216,0.6108652381980147,14.99999999999999
8.208208208208209,0.781791852195568,-0.19675417310734358,0.15852929114019532,7.657376007566208,2.4557054892130568,1.169017349966166,0.6108652381980146,14.99999999999999
8.308308308308309,0.7776101872716679,-0.19621771539708543,0.15816200708825712,7.705488989155515,2.520229008134036,1.1848677237050558,0.6108652381980145,14.999999999999991
8.408408408408409,0.773495265975963,-0.19567711979341726,0.1577997779700097,7.752371074542271,2.5851401248382007,1.2006815849069683,0.6108652381980145,14.999999999999991
8.508508508508509,0.7694462561931056,-0.19513313713801597,0.1574426839070598,7.798026468406396,2.6504208161866205,1.2164594424502262,0.6108652381980145,14.999999999999991
8.608608608608609,0.7654623123228552,-0.19458646459695172,0.15709078538390547,7.842459530161591,2.7160532981757366,1.232201814361049,0.6108652381980145,14.999999999999991
8.70870870870871,0.7615425793578323,-0.19403775067364884,0.15674412813252478,7.885674760286447,2.782020022318451,1.2479092239509542,0.6108652381980145,14.999999999999991
8.80880880880881,0.757686196014912,-0.1934875992094962,0.15640274663946493,7.9276767895533755,2.8483036722944877,1.2635821970284498,0.6108652381980145,14.999999999999991
8.90890890890891,0.7538922952010441,-0.19293657042870185,0.15606666368814873,7.968470375928733,2.9148871627671222,1.2792212620172967,0.6108652381980145,14.999999999999991
9.00900900900901,0.7501600046788848,-0.19238518291380288,0.1557358884335741,8.008060398207864,2.9817536376258933,1.2948269507481938,0.6108652381980145,14.999999999999991
9.10910910910911,0.7464884504764575,-0.1918339181076909,0.1554104208445104,8.046451844217344,3.0488864643971176,1.3103997951358564,0.6108652381980145,14.999999999999991
9.20920920920921,0.7428767587888857,-0.19128322309342874,0.15509025360277498,8.08364980345593,3.1162692305727098,1.325940325669473,0.6108652381980145,14.999999999999991
9.30930930930931,0.7393240562298568,-0.19073351129743163,0.15477537184374604,8.119659465080643,3.1838857422359745,1.3414490714988967,0.6108652381980145,14.999999999999991
9.40940940940941,0.7358294701793514,-0.19018516410880335,0.15446575165240956,8.154486112770366,3.2517200210713315,1.356926561112483,0.6108652381980145,14.999999999999991
9.50950950950951,0.7323921309302672,-0.1896385339960564,0.15416136292276805,8.188135116841908,3.3197562990390184,1.3723733202669255,0.6108652381980145,14.999999999999991
9.60960960960961,0.7290111734431408,-0.18909394744077013,0.15386217103574093,8.220611926764501,3.387979012883102,1.3877898707159158,0.6108652381980145,14.999999999999991
9.70970970970971,0.7256857374271796,-0.18855170516343608,0.15356813684549347,8.251922070566309,3.4563728035498786,1.4031767302064517,0.6108652381980145,14.999999999999991
9.80980980980981,0.7224149675993018,-0.1880120836135382,0.15327921586788737,8.282071150573884,3.5249225118401175,1.418534412859778,0.6108652381980145,14.999999999999991
9.90990990990991,0.7191980142712587,-0.1874753360606417,0.15299535902865896,8.31106484051794,3.593613176018306,1.4338634285699057,0.6108652381980145,14.999999999999991
10.01001001001001,0.7160340352332554,-0.18694169615683312,0.15271651454171328,8.3389088770499,3.6624300231182807,1.4491642817293615,0.6108652381980145,14.999999999999991
10.11011011011011,0.712922195967349,-0.1864113784231385,0.15244262802442277,8.365609058544,3.731358467681014,1.4644374711430157,0.6108652381980145,14.999999999999991
10.21021021021021,0.709861669726643,-0.18588457870139677,0.15217364242195444,8.391171244013231,3.800384110055817,1.4796834900775604,0.6108652381980145,14.999999999999991
10.31031031031031,0.7068516376110979,-0.18536147532762326,0.15190949778135343,8.415601349990716,3.869492731638387,1.4949028263111883,0.6108652381980145,14.999999999999991
10.41041041041041,0.7038912892707059,-0.184842230319361,0.15165013234685254,8.438905347978572,3.938670291766977,1.5100959614212077,0.6108652381980145,14.999999999999991
10.51051051051051,0.7009798237942548,-0.1843269918577833,0.151395483002322,8.46108925900453,4.0079029196312606,1.5252633706009158,0.6108652381980145,14.999999999999991
10.61061061061061,0.6981164497382357,-0.18381589439209617,0.15114548527129135,8.482159153385286,4.077176913908791,1.5404055226628692,0.6108652381980145,14.999999999999991
10.71071071071071,0.6953003851432518,-0.18330905893214736,0.15090007329251992,8.502121150152213,4.146478741364696,1.555522880076826,0.6108652381980145,14.999999999999991
10.81081081081081,0.692530857580832,-0.1828065941901907,0.15065918023982489,8.520981414667434,4.215795031041701,1.5706158986769534,0.6108652381980145,14.999999999999991
10.91091091091091,0.6898071044899221,-0.18230859695511936,0.15042273905727027,8.538746157924153,4.285112573557021,1.585685027155332,0.6108652381980145,14.999999999999991
11.01101101101101,0.6871283735686545,-0.18181515428755005,0.15019068209485825,8.555421632479346,4.354418311953026,1.6007307075791535,0.6108652381980145,14.999999999999991
11.11111111111111,0.6844939227936487,-0.1813263436955308,0.149962941074073,8.57101413212077,4.423699340910934,1.6157533754330362,0.6108652381980145,14.999999999999991
11.21121121121121,0.6819030204198397,-0.18084223313602674,0.14973944708758424,8.585529991865016,4.492942906742141,1.6307534596195035,0.6108652381980145,14.999999999999991
11.31131131131131,0.6793549449303383,-0.18036288187332639,0.14952013091370148,8.59897558681838,4.56213640227424,1.6457313823570272,0.6108652381980145,14.999999999999991
11.411411411411411,0.6768489852881632,-0.1798883407585505,0.14930492460554903,8.611357331728573,4.6312673655285295,1.660687557983067,0.6108652381980145,14.999999999999991
11.511511511511511,0.6743844409268974,-0.17941865332393062,0.1490937604815328,8.622681679509167,4.700323474539655,1.6756223939169002,0.6108652381980145,14.999999999999991
11.611611611611611,0.6719606216425302,-0.1789538566592737,0.14888657062094157,8.632955120090676,4.769292542438696,1.6905362911983253,0.6108652381980145,14.999999999999991
11.711711711711711,0.6695768475934568,-0.17849398141196218,0.14868328686394705,8.642184180420548,4.8381625174531635,1.7054296444876633,0.6108652381980145,14.999999999999991
11.811811811811811,0.667232449296229,-0.17803905180242557,0.1484838408138224,8.65037542445672,4.906921482799546,1.7203028420685653,0.6108652381980145,14.999999999999991
11.911911911911911,0.6649267675603375,-0.17758908649969357,0.14828816482284174,8.657535452769482,4.975557650852047,1.735156265337881,0.6108652381980144,14.999999999999988
12.012012012012011,0.6626591538769182,-0.17714409873738976,0.14809619361776194,8.663670902339499,5.0440593632833055,1.749990287548946,0.6108652381980143,14.999999999999986
12.112112112112111,0.6604289699102178,-0.17670409706764031,0.14790786228250247,8.668788446194707,5.1124150858890305,1.764805275563388,0.6108652381980142,14.999999999999982
12.212212212212211,0.6582355872947477,-0.17626908581484174,0.1477231058708714,8.672894793224595,5.180613405376795,1.7796015902812274,0.6108652381980142,14.999999999999984
12.312312312312311,0.6560783876352844,-0.1758390650756609,0.1475418594065654,8.675996688180208,5.248643029366031,1.7943795866408752,0.6108652381980143,14.999999999999986
12.412412412412412,0.6539567625047658,-0.1754140307236866,0.1473640578849092,8.678100911677333,5.316492786352365,1.8091396136198101,0.6108652381980143,14.999999999999986
12.512512512512513,0.6518701133746408,-0.17499397509543196,0.14718963740432608,8.679214280536655,5.384151620965514,1.82388201363644,0.6108652381980143,14.999999999999984
12.612612612612613,0.6498178520662873,-0.17457888723083473,0.14701853707595244,8.679343647612642,5.451608593461358,1.8386071211048967,0.6108652381980143,14.999999999999982
12.712712712712714,0.6477994000303936,-0.17416875311874683,0.14685069656178912,8.678495902232935,5.518852876724432,1.8533152644636572,0.6108652381980143,14.99999999999998
12.812812812812814,0.6458141880277054,-0.17376355605450372,0.1466860555949393,8.676677970520586,5.585873753210155,1.868006766711643,0.6108652381980143,14.99999999999998
12.912912912912914,0.6438616561290248,-0.17336327663992435,0.1465245539796084,8.673896815394059,5.652660614944839,1.8826819454082218,0.6108652381980143,14.99999999999998
13.013013013013014,0.6419412537152115,-0.17296789278331123,0.14636613159110418,8.670159436567232,5.7192029635256745,1.8973411126732052,0.6108652381980143,14.99999999999998
13.113113113113114,0.6400524394097277,-0.1725773800626207,0.1462107290916155,8.665472871089829,5.785490407638268,1.9119845748215918,0.6108652381980143,14.99999999999998
13.213213213213214,0.6381946814952544,-0.17219171231885208,0.14605829052016242,8.659844193740007,5.851512660233664,1.9266126305663718,0.6108652381980143,14.99999999999998
13.313313313313314,0.6363674573746445,-0.1718108614107319,0.1459087609362665,8.653280517228753,5.917259538897041,1.9412255727777274,0.6108652381980143,14.99999999999998
13.413413413413414,0.6345702529760432,-0.17143479754799884,0.1457620855110145,8.645788993202961,5.982720962348081,1.9558236894405803,0.6108652381980143,14.99999999999998
13.513513513513514,0.63280256274983,-0.17106348929530066,0.1456182095280239,8.63737681225344,6.047886950408942,1.9704072636562464,0.6108652381980143,14.99999999999998
13.613613613613614,0.631063889668619,-0.17069690357219428,0.14547707838344318,8.628051203914907,6.112747624004269,1.9849765736424367,0.6108652381980143,14.99999999999998
13.713713713713714,0.6293537451874414,-0.17033500575104443,0.145338637781944,8.617819436916644,6.177293204528549,1.9995318926466834,0.6108652381980143,14.99999999999998
13.813813813813814,0.6276716494513028,-0.16997776037992418,0.1452028363026615,8.606688820404612,6.2415140101769,2.0140734873154393,0.6108652381980143,14.99999999999998
13.913913913913914,0.6260171313256004,-0.16962513092263817,0.14506962459949435,8.594666703460064,6.305400457422781,2.0286016181321167,0.6108652381980143,14.99999999999998
14.014014014014014,0.624389727441257,-0.16927707986172527,0.14493895347956198,8.581760476581504,6.368943058485276,2.043116541179661,0.6108652381980143,14.99999999999998
14.114114114114114,0.6227889821235638,-0.16893356874268217,0.1448107738695701,8.567977571867432,6.432132420935377,2.0576185082084724,0.6108652381980143,14.99999999999998
14.214214214214214,0.621214447392181,-0.16859455817396335,0.14468503681581066,8.553325463016359,6.494959247695991,2.0721077666364014,0.6108652381980143,14.99999999999998
14.314314314314315,0.6196656829604814,-0.16826000782759779,0.14456169348500836,8.537811665329285,6.557414337038391,2.086584559548689,0.6108652381980143,14.99999999999998
14.414414414414415,0.6181422561855385,-0.16792987683306243,0.14444069636863838,8.521443736767242,6.619488580792944,2.1010491250293706,0.6108652381980143,14.99999999999998
14.514514514514515,0.6166437425716188,-0.16760412409921985,0.1443220012142606,8.50422927811704,6.681172963539447,2.115501694701222,0.6108652381980143,14.99999999999998
14.614614614614615,0.6151697249162761,-0.16728270798166717,0.1442055643406363,8.486175933533165,6.742458562867059,2.129942495838865,0.6108652381980143,14.99999999999998
14.714714714714715,0.6137197928963644,-0.16696558637132505,0.14409134217640346,8.467291391375259,6.803336548437662,2.144371751907196,0.6108652381980143,14.99999999999998
14.814814814814815,0.6122935430680377,-0.16665271669443768,0.14397929126007644,8.447583384208116,6.863798181985858,2.15878968256139,0.6108652381980143,14.99999999999998
14.914914914914915,0.6108905788667507,-0.16634405591257265,0.14386936824004626,8.427059688801675,6.923834817318966,2.173196503646897,0.6108652381980143,14.99999999999998
15.015015015015015,0.6095105105823057,-0.16603956056016272,0.14376152997444672,8.405728126258241,6.98343790021554,2.187592427156994,0.6108652381980143,14.99999999999998
15.115115115115115,0.608152955490641,-0.16573918729891743,0.14365573570984783,8.383596563269107,7.042598966996446,2.2019776598743164,0.6108652381980144,14.99999999999998
15.215215215215215,0.6068175380694046,-0.1654428927926412,0.14355194691255801,8.360672911700636,7.101309644794105,2.2163524033215465,0.6108652381980144,14.99999999999998
15.315315315315315,0.6055038890227576,-0.16515063352105297,0.1434501252053447,8.336965129503442,7.159561651814925,2.23071685558158,0.6108652381980144,14.99999999999998
15.415415415415415,0.6042116451614136,-0.16486236580923438,0.14335023230325694,8.312481220947104,7.217346797240568,2.2450712114111715,0.6108652381980142,14.99999999999998
15.515515515515515,0.602940449402639,-0.16457804582763005,0.14325223001362555,8.287229236620172,7.274656981227954,2.2594156622409414,0.610865238198014,14.99999999999998
15.615615615615615,0.6016899507702533,-0.16429762959204744,0.14315608023606294,8.261217273430157,7.331484194909257,2.273750396175369,0.6108652381980139,14.999999999999982
15.715715715715715,0.6004598043555536,-0.16402107304532526,0.1430617452348733,8.234453474792314,7.387820520418167,2.288075597857435,0.6108652381980139,14.999999999999982
15.815815815815816,0.5992496715871839,-0.1637483325926202,0.14296918999680178,8.206946031558921,7.44365813032677,2.3023914469144433,0.6108652381980137,14.999999999999979
15.915915915915916,0.5980592201397087,-0.16347936479566916,0.14287838094746427,8.17870318171048,7.4989892877889215,2.3166981187564186,0.6108652381980135,14.999999999999972
16.016016016016017,0.5968881231200615,-0.16321412624933518,0.14278928458643678,8.149733210768579,7.553806347654699,2.3309957858801336,0.6108652381980133,14.999999999999964
16.116116116116117,0.5957360590264205,-0.16295257359287105,0.14270186748583996,8.120044451848202,7.608101756522096,2.3452846178955458,0.6108652381980131,14.99999999999996
16.216216216216218,0.5946027117482081,-0.16269466350991943,0.1426160962903392,8.08964528565772,7.661868052737038,2.3595647815258034,0.6108652381980129,14.999999999999954
16.316316316316318,0.5934877705660918,-0.1624403527285128,0.1425319377171446,8.058544140498912,7.715097866393364,2.3738364406072394,0.6108652381980127,14.99999999999995
16.416416416416418,0.592390930113332,-0.16218959810243488,0.14244935885531548,8.026749492300308,7.767783919650121,2.3880997559369304,0.6108652381980127,14.99999999999995
16.516516516516518,0.5913118906570209,-0.16194235709675178,0.14236832937375374,7.994269865147559,7.8199190269610055,2.402354883797032,0.6108652381980127,14.99999999999995
16.616616616616618,0.5902503579696977,-0.16169858747208712,0.1422888201394472,7.961113831263597,7.871496094695646,2.4166019768363824,0.6108652381980127,14.99999999999995
16.716716716716718,0.5892060425941111,-0.16145824714982537,0.14221080206908968,7.927290010633627,7.922508123176343,2.43084118519463,0.6108652381980127,14.99999999999995
16.816816816816818,0.5881786598123815,-0.16122129421923334,0.1421342461328015,7.892807070995059,7.972948206794213,2.4450726565189504,0.6108652381980127,14.99999999999995
16.916916916916918,0.5871679296460006,-0.1609876869374599,0.14205912335412962,7.857673727837513,8.022809534009195,2.459296535964049,0.6108652381980127,14.99999999999995
17.017017017017018,0.5861735768558316,-0.16075738372953627,0.14198540481004746,7.821898744402816,8.072085387350047,2.4735129661921578,0.6108652381980127,14.99999999999995
17.117117117117118,0.585195330914745,-0.16053034322667792,0.14191306177702726,7.785490931552664,8.120769143767596,2.487722087303311,0.6108652381980127,14.99999999999995
17.217217217217218,0.5842329261824798,-0.16030652469457546,0.14184206765296847,7.748459147540386,8.168854276012366,2.5019240355917867,0.6108652381980127,14.99999999999995
17.31731731731732,0.5832861020044724,-0.16008588785364378,0.14177239726881083,7.71081229880172,8.216334351137737,2.5161189438837757,0.6108652381980127,14.99999999999995
17.41741741741742,0.5823546019436823,-0.15986839265791397,0.14170402550239208,7.672559338521995,8.263203033417488,2.5303069428176697,0.6108652381980127,14.99999999999995
17.51751751751752,0.5814381737146498,-0.15965399930177243,0.1416369272680301,7.6337092664631205,8.309454084735076,2.5444881608900753,0.6108652381980127,14.99999999999995
17.61761761761762,0.5805365691834949,-0.15944266821996078,0.14157107751652284,7.59427112896359,8.355081364583626,2.558662724455816,0.6108652381980127,14.99999999999995
17.71771771771772,0.5796495443679185,-0.15923436008757608,0.14150645123514843,7.5542540189384795,8.400078830065926,2.57283075772793,0.6108652381980127,14.99999999999995
17.81781781781782,0.5787768594331751,-0.1590290358225218,0.1414430234567571,7.513667075844701,8.444440535946214,2.5869923827746852,0.6108652381980127,14.99999999999995
17.91791791791792,0.5779182786852978,-0.15882665684960978,0.141380770413202,7.472519484281513,8.488160636982489,2.6011477188388334,0.6108652381980127,14.99999999999995
18.01801801801802,0.5770735709697415,-0.15862718524394434,0.14131967033804618,7.430820475596697,8.53123338617396,2.6152968816167426,0.6108652381980127,14.99999999999995
18.11811811811812,0.5762425089813301,-0.15843058337302626,0.14125970163671572,7.388579326168292,8.573653136967557,2.629439984750479,0.6108652381980127,14.99999999999995
18.21821821821822,0.575424869040291,-0.15823681388297814,0.14120084273689848,7.345805356269935,8.61541434484647,2.6435771400499872,0.6108652381980127,14.99999999999995
18.31831831831832,0.5746204310922561,-0.15804583969854433,0.14114307208854407,7.302507930070868,8.656511567330144,2.657708457493089,0.6108652381980127,14.99999999999995
18.41841841841842,0.573828978708262,-0.15785762402309095,0.141086368163864,7.25869645563593,8.69693946397428,2.671834045225487,0.6108652381980127,14.99999999999995
18.51851851851852,0.573050299084749,-0.15767213033860594,0.14103070945733143,7.214380384925567,8.736692796370837,2.6859540095607586,0.6108652381980127,14.99999999999995
18.61861861861862,0.5722841830134879,-0.15748932245106123,0.14097607468159623,7.169569213043113,8.775766428979965,2.70006845488136,0.6108652381980127,14.99999999999995
18.71871871871872,0.5715304250810398,-0.157309164852609,0.14092244444517707,7.124272476495236,8.814155331490209,2.7141774825193803,0.6108652381980127,14.99999999999995
18.81881881881882,0.5707888236752566,-0.15713162250063853,0.14086980028453117,7.078499755722033,8.85185457625475,2.7282811913225222,0.6108652381980127,14.99999999999995
18.91891891891892,0.5700591803756888,-0.15695666064343824,0.1408181237407507,7.032260671112133,8.888859342251493,2.742379678561324,0.6108652381980127,14.99999999999995
19.01901901901902,0.5693412999186508,-0.1567842448234824,0.140767396365825,6.985564882635123,8.92516491546533,2.7564730399459996,0.6108652381980127,14.99999999999995
19.11911911911912,0.5686349901972211,-0.15661434087743112,0.14071759972264064,6.938422089841552,8.960766688888128,2.770561369626437,0.6108652381980127,14.99999999999995
19.21921921921922,0.5679400622612424,-0.15644691493613025,0.14066871538498127,6.8908420318629275,8.995660162518739,2.7846447601922004,0.6108652381980127,14.99999999999995
19.31931931931932,0.5672563303173213,-0.15628193342461155,0.14062072493752784,6.842834487411719,9.029840943362988,2.7987233026725296,0.6108652381980127,14.99999999999995
19.41941941941942,0.5665836116914029,-0.15611936314815622,0.14057361036498356,6.794409272750471,9.063304747142478,2.812797086325072,0.6108652381980127,14.99999999999995
19.51951951951952,0.5659217271128792,-0.15595917160236855,0.1405273555088714,6.7455762407722375,9.0960473996137,2.826866197596092,0.6108652381980127,14.99999999999995
19.61961961961962,0.5652705004975673,-0.155801326666277,0.14048194466214128,6.696345283106041,9.128064834752834,2.8409307210822794,0.6108652381980127,14.99999999999995
19.71971971971972,0.56462975850843,-0.155645796512513,0.14043736211485616,6.646726325042628,9.159353098614353,2.8549907400567176,0.6108652381980127,14.99999999999995
19.81981981981982,0.5639993305492776,-0.15549254960857567,0.14039359215928338,6.596729325417815,9.189908349423538,2.8690463364694896,0.6108652381980127,14.99999999999995
19.91991991991992,0.5633790487647683,-0.15534155471683167,0.14035061908989463,6.546364276612494,9.219726857576479,2.8830975909476755,0.6108652381980127,14.99999999999995
20.02002002002002,0.5627687480404074,-0.15519278089451533,0.14030842720336606,6.495641204552628,9.248805005640074,2.8971445827953572,0.6108652381980127,14.99999999999995
20.12012012012012,0.5621682660025483,-0.15504619749372864,0.1402670007985782,6.4445701687092525,9.27713928835203,2.911187389993614,0.6108652381980127,14.99999999999995
20.22022022022022,0.5615774429827829,-0.1549017742283818,0.1402263244873699,6.393161259570702,9.304726314220078,2.9252260890338233,0.6108652381980127,14.99999999999995
20.32032032032032,0.5609961222597849,-0.15475948146176838,0.14018638453480417,6.34142459660456,9.331562807352048,2.939260753971086,0.6108652381980127,14.99999999999995
20.42042042042042,0.5604241499235999,-0.1546192899401985,0.14014716764447663,6.289370332241092,9.357645604919076,2.9532914572280107,0.6108652381980127,14.99999999999995
20.52052052052052,0.5598613744461126,-0.15448117069450676,0.1401086605091177,6.237008644893799,9.382971661114032,2.9673182701092564,0.6108652381980127,14.99999999999995
20.62062062062062,0.559307646671872,-0.15434509504149047,0.14007084981733578,6.1843497387180335,9.407538047295265,2.981341262802712,0.6108652381980127,14.99999999999995
20.72072072072072,0.5587628198180902,-0.15421103458390978,0.14003372225361713,6.131403843610999,9.431341951986594,2.9953605043794966,0.6108652381980127,14.99999999999995
20.82082082082082,0.5582267494746429,-0.15407896121048748,0.13999726449832592,6.078181215211756,9.454380680877307,3.009376062793957,0.6108652381980127,14.99999999999995
20.92092092092092,0.5576992936040694,-0.15394884709590922,0.13996146322770425,6.0246921349011995,9.476651656822176,3.0233880048836737,0.6108652381980127,14.99999999999995
21.02102102102102,0.5571803125232742,-0.15382066471670472,0.1399263051904251,5.970946908639106,9.49815242036743,3.037396396333365,0.6108652381980127,14.99999999999995
21.12112112112112,0.5566696689813868,-0.15369438709795405,0.13989177836102706,5.91695586020535,9.518880633206294,3.0514013009325813,0.6108652381980127,14.99999999999995
21.22122122122122,0.556167228337725,-0.15356998772820593,0.13985787153885812,5.862729339941619,9.53883407456351,3.065402780715155,0.6108652381980127,14.99999999999995
21.32132132132132,0.5556728580578421,-0.15344744036752553,0.13982457351041452,5.8082777161794406,9.558010644509974,3.0794008967463102,0.6108652381980127,14.99999999999995
21.42142142142142,0.5551864276546407,-0.1533267190470145,0.13979187305373675,5.753611373420007,9.576408364732899,3.093395709152905,0.6108652381980127,14.99999999999995
21.52152152152152,0.5547078086883733,-0.15320779806881116,0.13975975893840936,5.698740712334168,9.594025378535814,3.1073872771234314,0.6108652381980127,14.99999999999995
21.62162162162162,0.5542368747666417,-0.15309065200609032,0.1397282199255612,5.643676149762437,9.61085995083857,3.1213756589080157,0.6108652381980127,14.99999999999995
21.72172172172172,0.5537735015443972,-0.15297525570306336,0.13969724476786513,5.588428118714988,9.626910468177337,3.1353609118184176,0.6108652381980127,14.99999999999995
21.82182182182182,0.5533175667239407,-0.15286158427497826,0.1396668222095383,5.533007068371654,9.642175438704598,3.149343092228031,0.6108652381980127,14.99999999999995
21.92192192192192,0.5528689500162721,-0.1527496131766539,0.13963694131965618,5.477423458928213,9.65665349380983,3.163322255390037,0.6108652381980127,14.99999999999995
22.02202202202202,0.5524275333719958,-0.15263931841969386,0.13960759248490276,5.421687760148784,9.670343389265225,3.1772984547051686,0.6108652381980127,14.99999999999995
22.12212212212212,0.5519932008291062,-0.15253067633186945,0.13957876631410926,5.3658104572250656,9.68324400319159,3.191271742469084,0.6108652381980127,14.99999999999995
22.22222222222222,0.5515658381893247,-0.15242366349282735,0.13955045340136246,5.309802040398774,9.695354338796024,3.205242170193062,0.6108652381980127,14.99999999999995
22.32232232232232,0.5511453330147162,-0.15231825673469626,0.1395226443295709,5.253673004787561,9.706673524421797,3.2192097886036812,0.6108652381980127,14.99999999999995
22.42242242242242,0.5507315746276887,-0.15221443314208705,0.13949532967046502,5.197433850385009,9.717200813548349,3.2331746476428203,0.6108652381980127,14.99999999999995
22.52252252252252,0.5503244541109934,-0.15211217005209268,0.13946849998459704,5.141095082060632,9.726935584791299,3.2471367964676583,0.6108652381980127,14.99999999999995
22.62262262262262,0.5499238643077247,-0.1520114450542882,0.13944214582134104,5.084667209559881,9.735877341902432,3.261096283450674,0.6108652381980127,14.99999999999995
22.72272272272272,0.5495296998213199,-0.15191223599073084,0.13941625771889293,5.028160747504135,9.74402571376971,3.2750531561796445,0.6108652381980127,14.99999999999995
22.822822822822822,0.5491418569731723,-0.15181452103133627,0.13939082657811439,4.971586207865121,9.751380455741328,3.289007461251069,0.6108652381980127,14.99999999999995
22.922922922922922,0.548760234040469,-0.15171827884965114,0.13936584444507039,4.914954100980934,9.757941450273394,3.302959243662502,0.6108652381980127,14.99999999999995
23.023023023023022,0.5483847310715675,-0.15162348839548256,0.13934130348780585,4.858274940752738,9.763708705651144,3.316908547535899,0.6108652381980127,14.99999999999995
23.123123123123122,0.5480152496231521,-0.15153012885035957,0.1393171958605938,4.801559233105365,9.768682357477022,3.3308554163405466,0.6108652381980127,14.99999999999995
23.223223223223222,0.5476516927593691,-0.15143817962771458,0.1392935137050539,4.744817475926878,9.772862668679764,3.3447998928928384,0.6108652381980127,14.99999999999995
23.323323323323322,0.5472939650518261,-0.15134762037288307,0.13927024915015257,4.6880601590685655,9.776250029514381,3.3587420193562747,0.6108652381980127,14.99999999999995
23.423423423423422,0.5469419725795924,-0.1512584309631039,0.1392473943122029,4.631297764344952,9.778844957562182,3.3726818372414615,0.6108652381980127,14.99999999999995
23.523523523523522,0.5465956229291984,-0.1511705915075191,0.1392249412948647,4.574540765533784,9.78064809773075,3.386619387406113,0.6108652381980127,14.99999999999995
23.623623623623622,0.5462548251946363,-0.15108408234717396,0.13920288218914453,4.5177996283760455,9.781660222253963,3.400554710055049,0.6108652381980127,14.99999999999995
23.723723723723722,0.5459194899486307,-0.15099888408114726,0.13918120921050275,4.461084806204543,9.781882230832059,3.414487844670454,0.6108652381980127,14.99999999999995
23.823823823823822,0.5455895293507901,-0.1509149777533208,0.13915991556689208,4.404406730831912,9.781315151635381,3.4284188294196047,0.6108652381980126,14.99999999999995
23.923923923923923,0.5452648572131317,-0.15083234471460108,0.13913899478073116,4.347775829191295,9.779960140895852,3.4423477015375865,0.6108652381980125,14.99999999999995
24.024024024024023,0.5449453886514344,-0.15075096652527611,0.1391184403493988,4.291202507237999,9.777818482612446,3.4562744977167497,0.6108652381980125,14.99999999999995
24.124124124124123,0.5446310400664064,-0.15067082495601372,0.13909824575706892,4.234697148524079,9.774891588562538,3.470199254109151,0.6108652381980125,14.99999999999995
24.224224224224223,0.5443217291436849,-0.15059190198786135,0.13907840447471043,4.178270114198333,9.771180998301903,3.4841220063265537,0.6108652381980125,14.99999999999995
24.324324324324323,0.5440173748538367,-0.1505141798122463,0.13905890996008738,4.1219317430063045,9.766688379164718,3.4980427894404253,0.6108652381980126,14.99999999999995
24.424424424424423,0.5437178974523577,-0.1504376408309755,0.1390397556577588,4.065692351290283,9.761415526263562,3.5119616379819423,0.6108652381980129,14.99999999999995
24.524524524524523,0.5434232184796728,-0.1503622676562357,0.13902093499907883,4.009562232989302,9.755364362489416,3.5258785859419857,0.610865238198013,14.99999999999995
24.624624624624623,0.5431332607611364,-0.1502880431105933,0.13900244140219664,3.9535516596391407,9.74853693851166,3.539793666771144,0.6108652381980131,14.99999999999995
24.724724724724723,0.5428479483578053,-0.15021495029604587,0.1389842686318147,3.8976708681524426,9.74093543156356,3.553706913180743,0.6108652381980132,14.99999999999995
24.824824824824823,0.542567206789508,-0.15014297271586144,0.13896641130097537,3.8419300664571887,9.732562147160099,3.567618356718209,0.6108652381980133,14.999999999999952
24.924924924924923,0.542290962865306,-0.1500720940908532,0.13894886405962795,3.7863394389656957,9.723419518989685,3.581528028355303,0.6108652381980135,14.999999999999956
25.025025025025027,0.5420191444837141,-0.15000229833047937,0.13893162154456978,3.7309091321110692,9.713510106819745,3.595435958619292,0.6108652381980136,14.999999999999957
25.125125125125127,0.5417516806326456,-0.14993356953285458,0.13891467837952617,3.67564925434104,9.702836596495969,3.6093421775929264,0.6108652381980139,14.99999999999996
25.225225225225227,0.541488501389412,-0.1498658919847498,0.13889802917515032,3.6205698761179517,9.691401799942303,3.623246714914442,0.610865238198014,14.999999999999961
25.325325325325327,0.5412295379207236,-0.1497992501615925,0.13888166852902348,3.5656810299187653,9.679208655160949,3.637149599777558,0.610865238198014,14.999999999999961
25.425425425425427,0.5409747224826886,-0.14973362872746643,0.13886559102565485,3.5109927102350644,9.66626022623237,3.651050860931477,0.610865238198014,14.999999999999961
25.525525525525527,0.5407239884208143,-0.14966901253511175,0.13884979123648158,3.456514873573044,9.652559703315283,3.6649505266808884,0.610865238198014,14.999999999999961
25.625625625625627,0.5404772701700055,-0.14960538662592504,0.13883426371986882,3.4022574384535247,9.638110402646669,3.6788486248859633,0.610865238198014,14.999999999999961
25.725725725725727,0.5402345032084663,-0.14954273627705378,0.13881900327784616,3.348230273752557,9.622915763622673,3.692745182823931,0.610865238198014,14.999999999999961
25.825825825825827,0.5399956242309839,-0.14948104712639643,0.138804005486084,3.29444319942291,9.606979350254937,3.7066402267726586,0.610865238198014,14.999999999999961
25.925925925925927,0.5397605710729152,-0.1494203050154752,0.13878926596807406,3.240905999970044,9.59030485403196,3.720533782501072,0.610865238198014,14.999999999999961
26.026026026026027,0.5395292824889875,-0.14936049595290563,0.1387747803332874,3.187628405620889,9.572896088304057,3.7344258754149706,0.610865238198014,14.999999999999961
26.126126126126128,0.5393016981519235,-0.14930160611459012,0.13876054417885708,3.1346200921477325,9.554756988234843,3.748316530556641,0.610865238198014,14.999999999999961
26.226226226226228,0.539077758652441,-0.1492436218437181,0.13874655308957792,3.0818906808682165,9.535891610801222,3.7622057726048563,0.610865238198014,14.999999999999961
26.326326326326328,0.5388574054992532,-0.14918652965076595,0.1387328026379067,3.029449738645337,9.5163041347934,3.776093625874877,0.610865238198014,14.999999999999961
26.426426426426428,0.5386405811190687,-0.14913031621349718,0.13871928838396205,2.977306777887445,9.495998860814868,3.7899801143184515,0.610865238198014,14.999999999999961
26.526526526526528,0.5384272288565908,-0.14907496837696216,0.13870600587552456,2.92547125654825,9.474980211282427,3.803865261523814,0.610865238198014,14.999999999999961
26.626626626626628,0.5382172929745187,-0.14902047315349828,0.13869295064803666,2.8739525781268154,9.453252730426165,3.8177490907156866,0.610865238198014,14.999999999999961
26.726726726726728,0.5380107186440118,-0.14896681772627388,0.13868011824801546,2.8227600898300653,9.430821083495628,3.8316316247449707,0.610865238198014,14.999999999999961
26.826826826826828,0.5378074519202866,-0.14891398955355634,0.1386675047679806,2.771903061346329,9.407690048399097,3.8455128857626137,0.610865238198014,14.999999999999961
26.926926926926928,0.5376074399608003,-0.14886197635930665,0.13865510667480738,2.7213907138601567,9.383864529181418,3.8593928952251737,0.610865238198014,14.999999999999961
27.027027027027028,0.5374106307539336,-0.14881076601742085,0.13864292040231144,2.6712322047046326,9.359349547924355,3.8732716742783198,0.610865238198014,14.999999999999961
27.127127127127128,0.5372169730565499,-0.14876034654857512,0.1386309423735452,2.6214366198565457,9.334150241307107,3.887149243771958,0.610865238198014,14.999999999999961
27.227227227227228,0.5370264163939952,-0.14871070612022577,0.13861916900079801,2.5720129739363906,9.30827186060632,3.901025624260233,0.610865238198014,14.999999999999961
27.32732732732733,0.5368389110600977,-0.1486618330466094,0.13860759668559597,2.5229702102083684,9.281719771696086,3.9149008360015247,0.610865238198014,14.999999999999961
27.42742742742743,0.5366544081171686,-0.1486137157887427,0.13859622181870213,2.474317200580387,9.254499455047938,3.928774898958451,0.610865238198014,14.999999999999961
27.52752752752753,0.5364728593960012,-0.1485663429544225,0.1385850407801163,2.426062745604058,9.226616505730853,3.942647832797867,0.610865238198014,14.999999999999961
27.62762762762763,0.5362942174958717,-0.1485197032982259,0.13857404993907518,2.3782155744747016,9.198076633411253,3.9565196568908645,0.610865238198014,14.999999999999961
27.72772772772773,0.5361184357845385,-0.1484737857215101,0.13856324565405234,2.3307843450313417,9.168885662353002,3.9703903903127724,0.610865238198014,14.999999999999961
27.82782782782783,0.5359454683915494,-0.1484285792747567,0.138552624289101,2.283777642281781,9.139049530485673,3.984260051835789,0.610865238198014,14.999999999999961
27.92792792792793,0.5357752701733595,-0.14838407324442363,0.13854218267506468,2.237203955287448,9.10857427573871,3.9981286596515537,0.610865238198014,14.999999999999961
28.02802802802803,0.535607796918304,-0.14834025715029944,0.13853191796259406,2.1910717073618042,9.077466056379649,4.011996231371706,0.610865238198014,14.999999999999961
28.12812812812813,0.5354430051191419,-0.14829712064245032,0.138521827263048,2.1453892429151367,9.045731140881172,4.025862784358293,0.610865238198014,14.999999999999961
28.22822822822823,0.5352808519081187,-0.1482546534986571,0.13851190768004032,2.100164818311702,9.013375901865821,4.039728335732978,0.610865238198014,14.999999999999961
28.32832832832833,0.5351212950569662,-0.1482128456244153,0.13850215630944004,2.055406601869726,8.98040681610599,4.053592902377035,0.610865238198014,14.999999999999961
28.42842842842843,0.5349642929769028,-0.14817168705293518,0.1384925702393712,2.0111226738614048,8.946830464523929,4.067456500931358,0.610865238198014,14.999999999999961
28.52852852852853,0.5348098047186337,-0.14813116794514153,0.13848314655021282,1.9673210265129026,8.912653532191738,4.081319147796452,0.610865238198014,14.999999999999961
28.62862862862863,0.5346577899723505,-0.14809127858967389,0.1384738823145991,1.9240095640043555,8.87788280833138,4.095180859132438,0.610865238198014,14.999999999999961
28.72872872872873,0.5345082090677309,-0.14805200940288651,0.13846477459741924,1.8811961024698656,8.842525186314665,4.109041650859051,0.610865238198014,14.999999999999961
28.82882882882883,0.5343610229739396,-0.1480133509288482,0.13845582045581753,1.838888369997505,8.806587663663263,4.122901538655642,0.610865238198014,14.999999999999961
28.92892892892893,0.5342161932996279,-0.14797529383934258,0.13844701693919334,1.79709400662932,8.770077342048697,4.136760537961172,0.610865238198014,14.999999999999961
29.02902902902903,0.5340736822604938,-0.14793782895965796,0.13843836124487613,1.7558205528687783,8.733001417401672,4.150618663888663,0.610865238198014,14.999999999999961
29.12912912912913,0.5339334527640233,-0.14790094734921802,0.13842985106658748,1.7150754440149414,8.695367177205304,4.164475930965168,0.610865238198014,14.999999999999961
29.22922922922923,0.5337954684212602,-0.14786464019927525,0.13842148407079935,1.6748660354501026,8.657182021724923,4.178332353461526,0.610865238198014,14.999999999999961
29.32932932932933,0.5336596933767268,-0.1478288988111194,0.1384132579155475,1.6351995795680365,8.618453442283347,4.192187945454073,0.610865238198014,14.999999999999961
29.42942942942943,0.5335260923051165,-0.14779371459661766,0.13840517025567609,1.5960832251000718,8.579189020654347,4.206042720822729,0.610865238198014,14.999999999999961
29.52952952952953,0.5333946304112954,-0.14775907907821448,0.13839721874283734,1.5575240171150904,8.539396429062656,4.219896693250996,0.610865238198014,14.999999999999961
29.62962962962963,0.5332652734303017,-0.1477249838889317,0.13838940102549194,1.519528897019528,8.499083430183953,4.233749876225959,0.610865238198014,14.999999999999961
29.72972972972973,0.5331379876273457,-0.14769142077236852,0.13838171474890879,1.4821047025573728,8.458257877144879,4.247602283038285,0.610865238198014,14.999999999999961
29.82982982982983,0.5330127397978095,-0.14765838158270145,0.13837415755516508,1.4452581678101697,8.416927713523032,4.261453926782224,0.610865238198014,14.999999999999961
29.92992992992993,0.5328894972672478,-0.14762585828468433,0.13836672708314623,1.4089959231970113,8.375100973346955,4.275304820355607,0.610865238198014,14.999999999999961
30.03003003003003,0.5327682278913871,-0.14759384295364839,0.13835942096854606,1.3733244954745505,8.332785781096161,4.289154976459848,0.610865238198014,14.999999999999961
30.13013013013013,0.5326489000560046,-0.14756232777553457,0.13835223684413497,1.3382503077070964,8.289990351664251,4.303004407599823,0.610865238198014,14.999999999999961
30.23023023023023,0.5325314826355785,-0.1475313050862752,0.13834517257729867,1.3037796614990556,8.24672296940234,4.316853125948048,0.610865238198014,14.999999999999961
30.33033033033033,0.5324159451151013,-0.14750076740124884,0.13833822632332765,1.2699187496718027,8.202992006353233,4.330701143259215,0.610865238198014,14.999999999999961
30.43043043043043,0.5323022575070492,-0.1474707073343859,0.13833139618127488,1.236673662451959,8.15880592729431,4.3445484711265685,0.610865238198014,14.999999999999961
30.53053053053053,0.5321903902628173,-0.14744111759494175,0.13832468025146047,1.204050372772232,8.114173270827624,4.358395120981879,0.610865238198014,14.999999999999961
30.63063063063063,0.5320803142727195,-0.14741199098749688,0.1383180766354716,1.1720547362714155,8.069102649379898,4.372241104095441,0.610865238198014,14.999999999999961
30.73073073073073,0.5319720008659882,-0.14738332041195676,0.13831158343616262,1.1406924912943894,8.023602749202533,4.386086431576075,0.610865238198014,14.999999999999961
30.83083083083083,0.5318654218107745,-0.1473550988635519,0.13830519875765487,1.1099692588921184,7.977682330371597,4.3999311143711255,0.610865238198014,14.999999999999961
30.93093093093093,0.5317605493141484,-0.1473273194328378,0.13829892070533695,1.0798905428216552,7.93135022678784,4.413775163266462,0.610865238198014,14.999999999999961
31.03103103103103,0.5316573560220984,-0.14729997530569502,0.13829274738586442,1.0504617295461385,7.88461534617668,4.427618588886481,0.610865238198014,14.999999999999961
31.13113113113113,0.5315558150195318,-0.14727305976332916,0.13828667690716004,1.0216880882347907,7.837486670088207,4.4414614016941005,0.610865238198014,14.999999999999961
31.23123123123123,0.5314558998302747,-0.14724656618227075,0.13828070737841366,0.993574770762922,7.7899732538971875,4.455303611990769,0.610865238198014,14.999999999999961
31.33133133133133,0.5313575844152545,-0.14722048803480095,0.13827483691396794,0.966126811275185,7.742084226040761,4.46914522991467,0.610865238198014,14.999999999999961
31.43143143143143,0.5312608431319692,-0.14719481892355588,0.1382690638516614,0.9393491091663617,7.693828759885931,4.482986265315434,0.610865238198014,14.999999999999961
31.53153153153153,0.5311656508503945,-0.14716955258711506,0.13826338667876042,0.9132464467281396,7.645216107382233,4.496826727755279,0.6108652381980141,14.999999999999963
31.63163163163163,0.5310719828549596,-0.14714468284738044,0.13825780384825834,0.8878234865013337,7.596255590808196,4.510666626667681,0.6108652381980142,14.999999999999964
31.73173173173173,0.5309798147932852,-0.14712020360796518,0.13825231381740016,0.8630847628014413,7.546956587238658,4.524505971353082,0.6108652381980144,14.999999999999966
31.83183183183183,0.5308891226761827,-0.1470961088541938,0.13824691504768272,0.8390346817186424,7.497328528544767,4.538344770978893,0.6108652381980144,14.999999999999966
31.93193193193193,0.530799882877655,-0.147072392653102,0.13824160600485455,0.8156775211177985,7.447380901393977,4.552183034579488,0.6108652381980145,14.999999999999966
32.032032032032035,0.5307120721348958,-0.14704904915343697,0.13823638515891595,0.7930174306384534,7.3971232472500565,4.566020771056212,0.6108652381980145,14.999999999999966
32.132132132132135,0.5306256675482903,-0.14702607258565706,0.13823125098411895,0.7710584316948346,7.346565162373083,4.579857989177372,0.6108652381980145,14.999999999999964
32.232232232232235,0.5305406465814145,-0.14700345726193192,0.13822620195896737,0.7498044174758502,7.295716297819442,4.593694697578245,0.6108652381980144,14.999999999999963
32.332332332332335,0.5304569870610358,-0.14698119757614259,0.13822123656621674,0.7292591529450908,7.2445863594418265,4.607530904761073,0.6108652381980144,14.999999999999961
32.432432432432435,0.5303746671771126,-0.14695928800388133,0.13821635329287432,0.709426274840831,7.193185107889249,4.621366619095065,0.6108652381980143,14.99999999999996
32.532532532532535,0.5302936654786079,-0.1469377231030834,0.1382115506377043,0.6903092908499936,7.141522356394427,4.635201848813138,0.6108652381980143,14.99999999999996
32.632632632632635,0.530213960836811,-0.14691649753898586,0.1382068272805057,0.6719115667018077,7.08960793889717,4.64903660191579,0.6108652381980143,14.99999999999996
32.732732732732735,0.53013553254909,-0.1468956060834321,0.13820218197751366,0.6542363415429187,7.037451754579811,4.66287088619873,0.6108652381980143,14.99999999999996
32.832832832832835,0.5300583602445589,-0.1468750435796459,0.1381976134689244,0.6372867228989016,6.98506374901383,4.67670470935006,0.6108652381980143,14.99999999999996
32.932932932932935,0.529982423852671,-0.14685480494045927,0.13819312050065968,0.6210656823096052,6.932453901684096,4.6905380789483475,0.6108652381980143,14.99999999999996
33.033033033033036,0.5299077036032189,-0.14683488514831256,0.13818870182436693,0.6055760553291523,6.879632225988869,4.704371002462625,0.6108652381980143,14.99999999999996
33.133133133133136,0.5298341800263342,-0.14681527925525434,0.1381843561974191,0.5908205415259388,6.826608769239796,4.718203487252397,0.6108652381980143,14.99999999999996
33.233233233233236,0.5297618339524874,-0.14679598238294156,0.13818008238291474,0.5768017044826353,6.773393612661916,4.732035540567629,0.6108652381980143,14.99999999999996
33.333333333333336,0.5296906465124885,-0.14677698972263933,0.13817587914967805,0.5635219717961854,6.719996871393656,4.7458671695487595,0.6108652381980143,14.99999999999996
33.433433433433436,0.5296205991374865,-0.14675829653522113,0.13817174527225878,0.5509836350778068,6.666428694486834,4.75969838122669,0.6108652381980143,14.99999999999996
33.533533533533536,0.5295516735589693,-0.14673989815116864,0.13816767953093226,0.5391888499529909,6.612699264906655,4.773529182522792,0.6108652381980143,14.99999999999996
33.633633633633636,0.529483851808764,-0.1467217899705719,0.13816368071169946,0.5281396360615026,6.558818799531715,4.787359580248902,0.6108652381980143,14.99999999999996
33.733733733733736,0.5294171162129832,-0.14670396746348466,0.13815974761464028,0.5178378763169462,6.504797545349382,4.801189581104146,0.6108652381980143,14.99999999999996
33.833833833833836,0.5293514493590136,-0.14668642618587377,0.138155879175244,0.5082853092895658,6.450645745942305,4.815019191607893,0.6108652381980143,14.99999999999996
33.933933933933936,0.5292868341890034,-0.14666916178099654,0.13815207437379853,0.4994835382330567,6.3963736930960895,4.828848418123661,0.6108652381980143,14.99999999999996
34.034034034034036,0.5292232539145031,-0.14665216995302963,0.13814833218473435,0.4914340279756268,6.341991700818786,4.842677266924717,0.6108652381980143,14.99999999999996
34.134134134134136,0.5291606919949798,-0.14663544646503787,0.138144651588544,0.4841381030889874,6.287510094778529,4.856505744194423,0.6108652381980143,14.99999999999996
34.234234234234236,0.5290991321378176,-0.14661898713897428,0.13814103157178204,0.47759694788835344,6.232939212303532,4.870333856026231,0.6108652381980143,14.99999999999996
34.334334334334336,0.5290385582983167,-0.14660278785567987,0.1381374711270652,0.471811606432443,6.17828940238209,4.884161608423684,0.6108652381980143,14.99999999999996
34.434434434434436,0.5289789546796945,-0.1465868445548838,0.13813396925307223,0.46678298252347783,6.123571025662581,4.897989007300417,0.6108652381980143,14.99999999999996
34.53453453453454,0.5289203057330849,-0.1465711532352034,0.13813052495454395,0.46251183970718285,6.068794454453459,4.91181605848016,0.6108652381980143,14.99999999999996
34.63463463463464,0.5288625961575385,-0.146555709954144,0.1381271372422833,0.45899880127278647,6.013970072723263,4.925642767696732,0.6108652381980143,14.99999999999996
34.73473473473474,0.5288058109000228,-0.14654051082809916,0.13812380513315523,0.4562443502530208,5.959108276100616,4.939469140594041,0.6108652381980143,14.99999999999996
34.83483483483484,0.5287499351554215,-0.14652555203235043,0.13812052765008684,0.4542488294241207,5.90421947187421,4.953295182726095,0.6108652381980143,14.99999999999996
34.93493493493494,0.528694954362043,-0.1465108298009079,0.1381173038262639,0.45301244123692586,5.849314075826895,4.967120899555883,0.6108652381980143,14.99999999999996
35.03503503503504,0.5286408541646498,-0.14649634043390766,0.13811413278734053,0.4525352459508255,5.794402475217637,4.980946296414909,0.6108652381980143,14.99999999999996
35.13513513513514,0.5285876205044505,-0.14648208030707704,0.13811101370246792,0.4528171616232093,5.739495083349015,4.99477137850215,0.6108652381980143,14.99999999999996
35.23523523523524,0.5285352395496148,-0.14646804584884046,0.13810794573832788,0.45385796557614255,5.684602315215921,5.008596150940016,0.6108652381980143,14.99999999999996
35.33533533533534,0.5284836976720744,-0.14645423353700382,0.1381049280672356,0.45565729437458125,5.629734574212789,5.022420618777589,0.6108652381980143,14.99999999999996
35.43543543543544,0.5284329814475237,-0.14644063989875433,0.13810195986713955,0.4582146438263723,5.5749022521335885,5.036244786990622,0.6108652381980143,14.99999999999996
35.53553553553554,0.5283830776554196,-0.1464272615106606,0.13809904032162149,0.46152936898225283,5.520115729171828,5.050068660481542,0.6108652381980143,14.99999999999996
35.63563563563564,0.528333973278981,-0.14641409499867258,0.13809616861989654,0.46560068413585115,5.465385373920558,5.063892244079448,0.6108652381980143,14.99999999999996
35.73573573573574,0.5282856555051895,-0.1464011370381216,0.1380933439568131,0.4704276628236866,5.4107215433723574,5.077715542540113,0.6108652381980143,14.99999999999996
35.83583583583584,0.528238111724789,-0.1463883843537204,0.13809056553285293,0.47600923782516835,5.356134582919354,5.091538560545979,0.6108652381980143,14.99999999999996
35.93593593593594,0.5281913295322859,-0.14637583371956306,0.138087832554131,0.4823442011625968,5.30163482635321,5.105361302706163,0.6108652381980143,14.99999999999996
36.03603603603604,0.5281452967259487,-0.14636348195912505,0.13808514423239576,0.4894312041011633,5.247232595865124,5.119183773556453,0.6108652381980143,14.99999999999996
36.13613613613614,0.5281000013078085,-0.14635132594526318,0.13808249978502884,0.4972687571489496,5.192938202045833,5.133005977559311,0.6108652381980143,14.99999999999996
36.23623623623624,0.5280554314485741,-0.14633936259872585,0.13807989846842472,0.5058552344457169,5.138761912908151,5.146827919094473,0.6108652381980143,14.99999999999996
36.33633633633634,0.5280115755368404,-0.14632758890419922,0.13807733960844024,0.5151888684739273,5.084713973199893,5.160649602421049,0.6108652381980143,14.99999999999996
36.43643643643644,0.5279684221854875,-0.1463160018990482,0.13807482253144984,0.5252677480795693,5.030804628039877,5.174471031720781,0.6108652381980143,14.99999999999996
36.53653653653654,0.5279259601733588,-0.14630459866150042,0.13807234656847775,0.5360898250228028,4.977044086878153,5.188292211116367,0.6108652381980143,14.99999999999996
36.63663663663664,0.5278841784452323,-0.14629337631064238,0.13806991105521071,0.5476529139814454,4.923442523474545,5.20211314467146,0.6108652381980143,14.99999999999996
36.73673673673674,0.5278430661118195,-0.1462823320064193,0.13806751533199813,0.5599546925509737,4.870010075898655,5.2159338363906755,0.6108652381980143,14.99999999999996
36.83683683683684,0.5278026124497667,-0.14627146294963525,0.13806515874385203,0.572992701244522,4.816756846529857,5.229754290219583,0.6108652381980143,14.99999999999996
36.93693693693694,0.5277628069016537,-0.1462607663819531,0.13806284064044705,0.586764343492883,4.763692902057299,5.243574510044712,0.6108652381980143,14.99999999999996
37.03703703703704,0.5277236390759947,-0.14625023958589442,0.13806056037612044,0.6012668856445075,4.7108282734799065,5.257394499693549,0.6108652381980143,14.99999999999996
37.13713713713714,0.527685098747238,-0.14623987988483972,0.1380583173098721,0.6164974569655052,4.6581729561063785,5.271214262934541,0.6108652381980143,14.99999999999996
37.23723723723724,0.5276471758557659,-0.14622968464302816,0.13805611080536445,0.6324530496396432,4.605736909555188,5.2850338034770905,0.6108652381980143,14.99999999999996
37.33733733733734,0.5276098605078949,-0.14621965126555783,0.13805394023092268,0.6491305187683465,4.553530057754587,5.298853124971558,0.6108652381980143,14.99999999999996
37.43743743743744,0.5275731429758757,-0.14620977719838552,0.1380518049595345,0.6665265823707001,4.501562288942597,5.3126722310092624,0.6108652381980143,14.99999999999996
37.53753753753754,0.5275370136655338,-0.1462000599260491,0.13804970439602396,0.6846378324915098,4.449843422442637,5.326491125115899,0.6108652381980143,14.99999999999996
37.63763763763764,0.5275014631578607,-0.14619049698559813,0.138047638003298,0.7034607262205308,4.398383226369727,5.340309810719426,0.6108652381980143,14.99999999999996
37.73773773773774,0.5274664822247557,-0.14618108595926596,0.13804560524296108,0.7229915761128423,4.3471914507211835,5.354128291183888,0.6108652381980143,14.99999999999996
37.83783783783784,0.5274320617718358,-0.14617182446267382,0.13804360558042125,0.7432265660376073,4.29627778546132,5.36794656982623,0.6108652381980143,14.99999999999996
37.93793793793794,0.5273981928383297,-0.14616271014481536,0.13804163848493345,0.7641617512103988,4.245651860430879,5.381764649916307,0.6108652381980143,14.99999999999996
38.03803803803804,0.5273648665970777,-0.1461537406880564,0.13803970342959948,0.7857930581931992,4.195323245347033,5.39558253467689,0.6108652381980143,14.99999999999996
38.13813813813814,0.527332074354532,-0.14614491380813513,0.13803779989136805,0.8081162848943998,4.145301449803382,5.40940022728366,0.6108652381980143,14.99999999999996
38.23823823823824,0.5272998075507564,-0.146136227254162,0.13803592735103476,0.8311271005688025,4.095595923269959,5.42321773086521,0.6108652381980143,14.99999999999996
38.33833833833834,0.5272680577594264,-0.14612767880861982,0.13803408529324204,0.8548210458176168,4.046216055093222,5.437035048503044,0.6108652381980143,14.99999999999996
38.43843843843844,0.5272368166878293,-0.14611926628736358,0.1380322732064792,0.8791935325884639,3.997171174496059,5.450852183231581,0.6108652381980143,14.99999999999996
38.53853853853854,0.527206076176864,-0.14611098753962065,0.13803049058308253,0.9042398441753728,3.9484705505777904,5.46466913803815,0.6108652381980143,14.99999999999996
38.63863863863864,0.5271758282010413,-0.14610284044799066,0.13802873691923506,0.9299551352187813,3.9001233923141645,5.47848591586299,0.6108652381980143,14.99999999999996
38.73873873873874,0.5271460648684834,-0.14609482292844558,0.1380270117149668,0.956334431705538,3.8521388485573578,5.492302519599255,0.6108652381980143,14.99999999999996
38.83883883883884,0.5271167784197324,-0.14608693293026498,0.1380253144753003,0.9833726318218271,3.8045260065341706,5.506118952092664,0.6108652381980143,14.99999999999996
38.93893893893894,0.5270879611990207,-0.14607916843783988,0.138023644756578,1.0110645306763488,3.7572938459257483,5.519935216120645,0.6108652381980143,14.99999999999996
39.03903903903904,0.5270596057087487,-0.14607152747741675,0.13802200213556282,1.039404786107296,3.710451295087769,5.533751314394001,0.6108652381980143,14.99999999999996
39.13913913913914,0.5270317045803328,-0.14606400810543496,0.13802038618176884,1.068387927152313,3.6640072215794492,5.54756724958541,0.6108652381980143,14.99999999999996
39.23923923923924,0.5270042505528519,-0.14605660840567708,0.13801879646860327,1.0980083672394567,3.6179704099735335,5.561383024329422,0.6108652381980143,14.99999999999996
39.33933933933934,0.5269772364730476,-0.14604932648926885,0.13801723257336643,1.1282604041871975,3.572349561856295,5.575198641222462,0.6108652381980143,14.99999999999996
39.43943943943944,0.5269506552953237,-0.1460421604946792,0.1380156940772518,1.1591382202044178,3.5271532958275333,5.589014102822825,0.6108652381980143,14.99999999999996
39.53953953953954,0.5269245000817466,-0.14603510858772006,0.13801418056534612,1.1906358818904141,3.482390147500576,5.602829411650678,0.6108652381980143,14.99999999999996
39.63963963963964,0.5268987640020456,-0.14602816896154674,0.13801269162662916,1.2227473402348938,3.4380685695022795,5.616644570188059,0.6108652381980143,14.99999999999996
39.73973973973974,0.5268734403336118,-0.14602133983665758,0.13801122685397393,1.2554664306179786,3.3941969314730263,5.630459580878883,0.6108652381980143,14.99999999999996
39.83983983983984,0.5268485224614995,-0.14601461946089409,0.13800978584414653,1.2887868728102019,3.3507835200667295,5.6442744461289305,0.6108652381980143,14.99999999999996
39.93993993993994,0.526824003878425,-0.14600800610944095,0.1380083681978063,1.3227022709725116,3.307836538950825,5.658089168305859,0.6108652381980143,14.99999999999996
40.04004004004004,0.5267998781847674,-0.14600149808482601,0.13800697351950564,1.3572061136562663,3.2653641088062817,5.671903749739197,0.6108652381980143,14.99999999999996
40.14014014014014,0.5267761390885681,-0.14599509371692027,0.13800560141769022,1.3922917738032405,3.223374267327591,5.685718192720345,0.6108652381980143,14.99999999999996
40.24024024024024,0.5267527803913428,-0.14598879136163348,0.13800425151599507,1.427952524948915,3.1818749496965277,5.699532499499883,0.6108652381980143,14.99999999999996
40.34034034034034,0.5267297959937646,-0.1459825894054322,0.1380029234713145,1.4641815448609408,3.140873980414014,5.713346672273577,0.6108652381980143,14.99999999999996
40.44044044044044,0.5267071799232073,-0.1459764862651572,0.1380016169368921,1.5009718778586483,3.1003791196915067,5.727160713197604,0.6108652381980143,14.99999999999996
40.54054054054054,0.5266849262949448,-0.1459704803801532,0.1380003315690696,1.5383164685530613,3.0603980260436385,5.740974624397281,0.6108652381980143,14.99999999999996
40.64064064064064,0.5266630293112071,-0.14596457021212716,0.13799906702772777,1.5762081627879883,3.0209382551988693,5.754788407967095,0.6108652381980143,14.99999999999996
40.74074074074074,0.5266414832611804,-0.14595875424514812,0.1379978229762865,1.6146397076400196,2.982007260099488,5.768602065970699,0.6108652381980143,14.99999999999996
40.84084084084084,0.526620282521007,-0.14595303098564724,0.13799659908170492,1.6536037514185333,2.9436123909016083,5.782415600440917,0.6108652381980143,14.99999999999996
40.94094094094094,0.5265994215537853,-0.1459473989624178,0.13799539501448124,1.6930928436656885,2.9057608949751748,5.7962290133797385,0.6108652381980143,14.99999999999996
41.04104104104104,0.5265788949095698,-0.14594185672661525,0.13799421044865284,1.7330994351564315,2.868459916903957,5.810042306758325,0.6108652381980143,14.99999999999996
41.14114114114114,0.5265586972253713,-0.14593640285175713,0.13799304506179622,1.7736158778984903,2.8317164984855534,5.823855482517005,0.6108652381980143,14.99999999999996
41.24124124124124,0.5265388232251567,-0.14593103593372306,0.13799189853502708,1.8146344251323785,2.7955375787313903,5.837668542565276,0.6108652381980143,14.99999999999996
41.34134134134134,0.5265192677198488,-0.1459257545907549,0.1379907705530002,1.8561472313313945,2.7599299938667197,5.851481488781804,0.6108652381980143,14.99999999999996
41.44144144144144,0.526500025607327,-0.14592055746345653,0.1379896608039096,1.898146352201617,2.724900477330626,5.865294323014423,0.6108652381980143,14.99999999999996
41.54154154154154,0.5264810918675354,-0.14591544321406935,0.13798856898199746,1.9406237523529748,2.6904556534670094,5.8791070470801055,0.6108652381980143,14.99999999999996
41.64164164164164,0.5264624615479503,-0.1459104105260509,0.13798749480488695,1.9835713360893816,2.656602010012238,5.892919662758263,0.6108652381980143,14.99999999999996
41.74174174174174,0.526444129803391,-0.14590545811001773,0.13798643799358834,2.0269808859822724,2.6233459475866248,5.906732171790721,0.6108652381980143,14.99999999999996
41.84184184184184,0.526426091864156,-0.14590058469583095,0.13798539827078163,2.0708440987881986,2.590693753351203,5.920544575893581,0.6108652381980143,14.99999999999996
41.94194194194194,0.5264083430308647,-0.1458957890316189,0.13798437536225605,2.115152592587874,2.5586515953686177,5.9343568767580015,0.6108652381980143,14.99999999999996
42.04204204204204,0.5263908786744566,-0.14589106988377712,0.13798336899691005,2.1598979067861754,2.5272255226031266,5.948169076050189,0.6108652381980143,14.99999999999996
42.14214214214214,0.5263736942361915,-0.14588642603696844,0.13798237890675125,2.2050715021121428,2.4964214649205987,5.961981175411406,0.6108652381980143,14.99999999999996
42.24224224224224,0.5263567852276496,-0.1458818562941229,0.1379814048268965,2.2506647606189807,2.4662452330885145,5.975793176457967,0.6108652381980143,14.99999999999996
42.34234234234234,0.5263401472307315,-0.14587735947643785,0.13798044649557184,2.2966689856840543,2.436702518775967,5.989605080781236,0.6108652381980143,14.99999999999996
42.44244244244244,0.5263237758976582,-0.14587293442337781,0.13797950365411255,2.3430754020088917,2.4077988945536615,6.0034168899476335,0.6108652381980143,14.99999999999996
42.54254254254254,0.526307666950971,-0.14586857999267458,0.13797857604696306,2.3898751556191877,2.379539813893913,6.017228605498631,0.6108652381980143,14.99999999999996
42.64264264264264,0.5262918161835314,-0.14586429506032725,0.13797766342167708,2.4370593138647894,2.3519306111706544,6.031040228950751,0.6108652381980143,14.99999999999996
42.74274274274274,0.5262762194585215,-0.14586007852060204,0.13797676552891747,2.484618865419727,2.324976501659419,6.044851761795573,0.6108652381980143,14.99999999999996
42.84284284284284,0.5262608727078684,-0.14585592928573818,0.13797588212295997,2.532544723509667,2.2986825797725627,6.058663205499912,0.6108652381980143,14.99999999999996
42.94294294294294,0.5262457719148245,-0.14585184628351153,0.1379750129719669,2.5808277680544367,2.273053794556907,6.072474561504735,0.6108652381980143,14.99999999999996
43.04304304304304,0.5262309131478362,-0.1458478284641675,0.13797415785071865,2.629458781920247,2.2480949828086465,6.086285831218767,0.6108652381980143,14.99999999999996
43.14314314314314,0.5262162925410275,-0.14584387479474645,0.1379733165353044,2.6784284759244787,2.2238108582437297,6.1000970160285375,0.6108652381980143,14.99999999999996
43.24324324324324,0.5262019062853821,-0.1458399842571776,0.13797248880446383,2.7277275049387284,2.200206003094279,6.11390811730041,0.6108652381980143,14.99999999999996
43.34334334334334,0.5261877506287441,-0.14583615584827914,0.13797167443958716,2.777346467888804,2.1772848681085915,6.127719136380588,0.6108652381980143,14.99999999999996
43.44344344344344,0.5261738218758182,-0.14583238857975817,0.1379708732247152,2.8272759077547263,2.1550517725511376,6.141530074595111,0.6108652381980143,14.99999999999996
43.54354354354354,0.526160116388169,-0.1458286814782107,0.13797008494653928,2.8775063115707296,2.133510904202563,6.155340933249855,0.6108652381980143,14.99999999999996
43.64364364364364,0.5261466305842214,-0.14582503358512164,0.13796930939440125,2.928028110425261,2.1126663193596857,6.1691517136305345,0.6108652381980143,14.99999999999996
43.74374374374374,0.5261333609392608,-0.14582144395686486,0.13796854636029351,2.9788316794609817,2.0925219428355,6.182962417002701,0.6108652381980143,14.99999999999996
43.84384384384384,0.5261203039854325,-0.14581791166470315,0.13796779563885905,3.0299073378747634,2.073081567959173,6.1967730446117395,0.6108652381980143,14.99999999999996
43.94394394394394,0.5261074563117424,-0.14581443579478812,0.13796705702739132,3.081245348917688,2.0543488565760484,6.210583597682876,0.6108652381980143,14.99999999999996
44.04404404404404,0.5260948145640564,-0.14581101544816044,0.1379663303258344,3.1328359198950624,2.036327339047639,6.224394077421175,0.6108652381980143,14.99999999999996
44.14414414414414,0.5260823754450122,-0.14580764974073088,0.13796561533680057,3.184669202396986,2.0190204141772923,6.238204485011552,0.6108652381980143,14.99999999999996
44.24424424424424,0.5260701356996847,-0.14580433780061183,0.13796491187052567,3.236735334272722,2.002431334748048,6.2520148216201745,0.6108652381980143,14.99999999999996
44.34434434434434,0.5260580921355923,-0.1458010787730559,0.13796421974500847,3.28902439740159,1.9865632188496534,6.26582508838778,0.6108652381980143,14.99999999999996
44.44444444444444,0.5260462416199458,-0.14579787181862666,0.13796353877942494,3.3415264102320337,1.9714190547300092,6.279635286435002,0.6108652381980143,14.99999999999996
44.54454454454454,0.5260345810658579,-0.14579471610998504,0.1379628687951717,3.394231360065253,1.957001691055371,6.293445416866207,0.6108652381980143,14.99999999999996
44.64464464464464,0.5260231074323423,-0.1457916108318893,0.1379622096158662,3.447129203055204,1.9433138369103486,6.307255480769498,0.6108652381980143,14.99999999999996
44.74474474474474,0.5260118177243144,-0.1457885551811949,0.13796156106734656,3.5002098642085984,1.930358061797908,6.321065479216716,0.6108652381980143,14.99999999999996
44.84484484484484,0.5260007089925912,-0.1457855483668547,0.13796092297767162,3.5534632373849036,1.9181367956393698,6.334875413263437,0.6108652381980143,14.99999999999996
44.94494494494494,0.5259897783338912,-0.14578258960991888,0.137960295177121,3.6068791852963424,1.9066523287744093,6.348685283948974,0.6108652381980143,14.99999999999996
45.04504504504504,0.5259790228908342,-0.14577967814353482,0.13795967749819496,3.6604475395078935,1.8959068119610571,6.362495092296374,0.6108652381980143,14.99999999999996
45.14514514514514,0.5259684398519419,-0.14577681321294733,0.1379590697756146,3.7141581004372957,1.8859022563756986,6.376304839312425,0.6108652381980143,14.99999999999996
45.24524524524524,0.5259580264516368,-0.14577399407549846,0.1379584718463216,3.7680006373550357,1.8766405336130751,6.390114525987645,0.6108652381980143,14.99999999999996
45.34534534534534,0.5259477799702437,-0.14577122000062756,0.13795788354947852,3.8219648883843638,1.8681233756862814,6.403924153296293,0.6108652381980143,14.99999999999996
45.44544544544544,0.5259376977339885,-0.14576849026987132,0.13795730472646853,3.876040560501277,1.8603523750267692,6.417733722196361,0.6108652381980143,14.99999999999996
45.545545545545544,0.5259277771090244,-0.14576580417559382,0.13795673522215288,3.9302173506578115,1.8533289815367018,6.4315432336306895,0.6108652381980143,14.99999999999996
45.645645645645644,0.5259180154995096,-0.14576316102117506,0.13795617488875478,3.9844849650584613,1.847054497578974,6.445352688524977,0.6108652381980143,14.99999999999996
45.745745745745744,0.5259084103666738,-0.14576056012480365,0.137955623580381,4.038833048158034,1.8415300880546812,6.45916208778524,0.6108652381980143,14.99999999999996
45.845845845845844,0.5258989592096119,-0.14575800081466825,0.13795508115287433,4.093251236560424,1.8367567751890377,6.47297143230418,0.6108652381980143,14.99999999999996
45.945945945945944,0.5258896595643489,-0.14575548242874145,0.13795454746391028,4.1477291619822685,1.8327354381766074,6.486780722961432,0.6108652381980143,14.99999999999996
46.046046046046044,0.5258805090038391,-0.14575300431478003,0.13795402237299706,4.20225645125295,1.8294668131813043,6.500589960623555,0.6108652381980143,14.99999999999996
46.146146146146144,0.5258715051379673,-0.14575056583032467,0.13795350574147552,4.256822726314595,1.826951493336393,6.514399146144042,0.6108652381980143,14.99999999999996
46.246246246246244,0.5258626456135479,-0.14574816634270016,0.1379529974325192,4.311417604222074,1.8251899287444882,6.528208280363312,0.6108652381980143,14.99999999999996
46.346346346346344,0.5258539281143253,-0.14574580522901523,0.13795249731113432,4.366030697143005,1.824182426477554,6.542017364108719,0.6108652381980143,14.99999999999996
46.446446446446444,0.5258453503609738,-0.1457434818761627,0.13795200524415982,4.420651612357743,1.8239291505769049,6.555826398194538,0.6108652381980143,14.99999999999996
46.546546546546544,0.5258369101110975,-0.1457411956808194,0.13795152110026726,4.475269952259393,1.8244301220532062,6.569635383421979,0.6108652381980143,14.99999999999996
46.646646646646644,0.5258286051592302,-0.1457389460494462,0.13795104474996095,4.5298753143538075,1.8256852188864725,6.583444320579183,0.6108652381980143,14.99999999999996
46.746746746746744,0.5258204333368363,-0.14573673239828797,0.13795057606557778,4.5844572912595725,1.8276941760260688,6.597253210441212,0.6108652381980143,14.99999999999996
46.846846846846844,0.5258123925121259,-0.1457345541533309,0.13795011492130724,4.639005471461247,1.8304565854371995,6.611062053770116,0.6108652381980143,14.99999999999996
46.946946946946944,0.525804480578817,-0.145732410747873,0.13794966119548122,4.693509491151706,1.8339718982234812,6.624870851317016,0.6108652381980143,14.99999999999996
47.047047047047045,0.5257966954732809,-0.14573030162682182,0.1379492147705419,4.747958974588682,1.8382394186542983,6.638679603816581,0.6108652381980143,14.99999999999996
47.147147147147145,0.525789035170382,-0.14572822624515033,0.13794877553016605,4.802343535085282,1.8432583068596238,6.652488311990305,0.6108652381980143,14.99999999999996
47.247247247247245,0.5257814976745572,-0.14572618406570043,0.13794834335952738,4.856652808083785,1.8490275814949753,6.666296976549222,0.6108652381980143,14.99999999999996
47.347347347347345,0.5257740810198152,-0.14572417455918282,0.13794791814529667,4.91087645115564,1.8555461197414151,6.680105598193912,0.6108652381980143,14.99999999999996
47.447447447447445,0.5257667832697371,-0.1457221972041771,0.13794749977564155,4.965004144001472,1.8628126573055503,6.6939141776145,0.6108652381980143,14.99999999999996
47.547547547547545,0.5257596025174757,-0.1457202514871317,0.1379470881402267,5.019025588451078,1.870825788419533,6.707722715490655,0.6108652381980143,14.99999999999996
47.647647647647645,0.5257525368857561,-0.14571833690236397,0.13794668313021372,5.0729305084634255,1.8795839658410591,6.721531212491585,0.6108652381980143,14.99999999999996
47.747747747747745,0.5257455845268754,-0.14571645295206004,0.13794628463826122,5.126708650126656,1.8890855008533702,6.735339669276048,0.6108652381980143,14.99999999999996
47.847847847847845,0.5257387436227026,-0.145714599146275,0.13794589255852482,5.1803497816580855,1.8993285632652517,6.749148086492342,0.6108652381980143,14.99999999999996
47.947947947947945,0.525732012384679,-0.1457127750029327,0.13794550678665704,5.233843693404198,1.9103111814110343,6.762956464778312,0.6108652381980143,14.99999999999996
48.048048048048045,0.5257253890538179,-0.14571098004782593,0.13794512721980742,5.287180197840654,1.922031242150593,6.776764804761345,0.6108652381980143,14.99999999999996
48.148148148148145,0.5257188719007045,-0.1457092138146163,0.13794475375662243,5.340349129572286,1.934486490869348,6.790573107058371,0.6108652381980143,14.99999999999996
48.248248248248245,0.5257124592250406,-0.1457074758447268,0.13794438629729136,5.393340347656779,1.9476745320730473,6.8043813722759845,0.6108652381980143,14.99999999999996
48.348348348348345,0.5257061493459905,-0.1457057656852158,0.13794402474539616,5.446143791837547,1.9615928424051614,6.818189601012305,0.6108652381980144,14.999999999999968
48.448448448448445,0.5256999406188941,-0.14570408289289,0.1379436690072463,5.498749406756212,1.9762387490719318,6.831997793852041,0.6108652381980145,14.999999999999982
48.548548548548546,0.5256938314284116,-0.145702427032275,0.13794331899018128,5.5511471596143735,1.99160943733961,6.845805951369839,0.6108652381980146,14.999999999999996
48.648648648648646,0.5256878201827957,-0.14570079767419783,0.13794297460276,5.603327066456657,2.0077019577968276,6.859614074132009,0.6108652381980147,15.000000000000009
48.748748748748746,0.5256819053138911,-0.14569919439578682,0.1379426357547609,5.655279192170724,2.024513226354595,6.873422162696518,0.6108652381980147,15.000000000000014
48.848848848848846,0.5256760852771357,-0.14569761678047183,0.13794230235718172,5.706993650487263,2.042040024246303,6.8872302176129985,0.6108652381980147,15.000000000000012
48.948948948948946,0.5256703585515593,-0.1456960644179841,0.1379419743222397,5.758460603979996,2.0602789980277216,6.901038239422741,0.6108652381980147,15.000000000000004
49.049049049049046,0.5256647236397846,-0.14569453690435627,0.13794165156337157,5.809670264065674,2.079226659577001,6.914846228658698,0.6108652381980146,14.999999999999984
49.149149149149146,0.5256591790680266,-0.14569303384192245,0.13794133399523337,5.860612891004078,2.0988793860946684,6.928654185845484,0.6108652381980144,14.999999999999957
49.249249249249246,0.525653723386093,-0.1456915548393181,0.1379410215337007,5.911278793898025,2.119233420103635,6.942462111499372,0.6108652381980142,14.999999999999927
49.349349349349346,0.5256483551673836,-0.14569009951148015,0.1379407140958685,5.961658330693356,2.140284869449188,6.956270006128301,0.610865238198014,14.999999999999895
49.449449449449446,0.5256430730088913,-0.14568866747964695,0.13794041160005122,6.011741908178945,2.1620297072989936,6.970077870231865,0.6108652381980136,14.999999999999865
49.549549549549546,0.5256378755312011,-0.14568725837135824,0.13794011396578268,6.0615199819867005,2.1844637721431006,6.983885704301324,0.6108652381980134,14.999999999999844
49.649649649649646,0.5256327613783344,-0.1456858718204176,0.13793982111382877,6.110983057530469,2.20758276824137,6.997693508819641,0.6108652381980133,14.999999999999838
49.749749749749746,0.5256277292101325,-0.1456845074651446,0.1379395329673101,6.160121741753643,2.2313822889715462,7.011501284263166,0.6108652381980133,14.99999999999984
49.849849849849846,0.5256227777139151,-0.1456831649513147,0.13793924945153907,6.208926683415728,2.255857785746707,7.025309031098014,0.6108652381980133,14.999999999999842
49.949949949949946,0.5256179056014165,-0.14568184393114758,0.13793897049268333,6.257388574919015,2.2810045720583014,7.039116749781939,0.6108652381980133,14.999999999999845
50.050050050050054,0.5256131116031754,-0.1456805440619017,0.13793869601790348,6.30549818257692,2.30681783861133,7.05292444076605,0.6108652381980134,14.999999999999849
50.150150150150154,0.5256083944685339,-0.14567926500587414,0.13793842595535302,6.353246346613972,2.3332926533243357,7.066732104494806,0.6108652381980134,14.999999999999853
50.250250250250254,0.5256037529656391,-0.1456780064304007,0.13793816023417838,6.400623981165835,2.360423961329419,7.080539741406017,0.6108652381980135,14.999999999999854
50.350350350350354,0.5255991858814417,-0.145676768007856,0.1379378987845188,6.447622074279293,2.3882065849722283,7.09434735193085,0.6108652381980135,14.999999999999858
50.450450450450454,0.5255946920216968,-0.1456755494156532,0.1379376415375065,6.49423168791225,2.416635223811958,7.108154936493819,0.6108652381980136,14.99999999999986
50.550550550550554,0.5255902702109636,-0.1456743503362443,0.13793738842526665,6.54044395793374,2.4457044546213593,7.121962495512795,0.6108652381980136,14.999999999999861
50.650650650650654,0.5255859192926052,-0.14567317045711986,0.13793713938091723,6.586250094123913,2.4754087313867257,7.135770029398997,0.6108652381980136,14.999999999999861
50.750750750750754,0.5255816381287893,-0.14567200947080935,0.1379368943385692,6.631641380174045,2.505742385307904,7.149577538557,0.6108652381980136,14.999999999999861
50.850850850850854,0.5255774256004875,-0.14567086707488075,0.1379366532333264,6.6766091736865425,2.536699624798294,7.16338502338473,0.6108652381980136,14.999999999999861
50.950950950950954,0.5255732806074753,-0.14566974297194088,0.13793641600128556,6.721144906174918,2.568274535484835,7.177192484273462,0.6108652381980136,14.999999999999861
51.051051051051054,0.5255692020682913,-0.14566863686962486,0.13793618257953844,6.765240083340203,2.6004610804138095,7.190999921607844,0.6108652381980136,14.999999999999861
51.151151151151154,0.5255651889144344,-0.145667548479209,0.13793595290674804,6.8088863283279215,2.633253130948556,7.204807335767345,0.6108652381980136,14.999999999999861
51.251251251251254,0.5255612400982829,-0.1456664775176624,0.1379357269232968,6.852075339569595,2.66664443223423,7.218614727123641,0.6108652381980136,14.999999999999861
51.351351351351354,0.5255573545924088,-0.14566542370730895,0.13793550457034143,6.8947988808094385,2.7006285992093795,7.23242209604146,0.6108652381980136,14.999999999999861
51.451451451451454,0.5255535313843773,-0.14566438677450047,0.13793528578984376,6.937048811979642,2.735199140512193,7.24622944288023,0.6108652381980136,14.999999999999861
51.551551551551555,0.5255497694767464,-0.14566336644961675,0.13793507052457102,6.978817089200365,2.770349458480497,7.260036767994077,0.6108652381980136,14.999999999999861
51.651651651651655,0.5255460678870669,-0.1456623624670656,0.13793485871809563,7.02009576477974,2.8060728491517586,7.2738440717318245,0.6108652381980136,14.999999999999861
51.751751751751755,0.5255424256478829,-0.14566137456528278,0.13793465031479527,7.060876987213874,2.8423625022630836,7.287651354436997,0.6108652381980136,14.999999999999861
51.851851851851855,0.525538841806731,-0.14566040248673195,0.13793444525985288,7.10115300118684,2.879211501251216,7.3014586164478175,0.6108652381980136,14.999999999999861
51.951951951951955,0.5255353154261412,-0.1456594459779049,0.1379342434992567,7.140916147570691,2.9166128232525432,7.315265858097206,0.6108652381980136,14.999999999999861
52.052052052052055,0.525531845583636,-0.14565850478932124,0.13793404497980022,7.180158863425446,2.9545593391030884,7.329073079712782,0.6108652381980136,14.999999999999861
52.152152152152155,0.5255284313717309,-0.14565757867552867,0.13793384964908215,7.2188736819991,2.9930438133385153,7.342880281616866,0.6108652381980136,14.999999999999861
52.252252252252255,0.5255250718979346,-0.14565666739510275,0.13793365745550648,7.257053232727617,3.0320589041941264,7.356687464126472,0.6108652381980136,14.999999999999861
52.352352352352355,0.5255217662847486,-0.1456557707106471,0.1379334683482825,7.294690241234936,3.0715971636048676,7.370494627553319,0.6108652381980136,14.999999999999861
52.452452452452455,0.5255185136696522,-0.14565488838878943,0.13793328227742507,7.3317775294372,3.1116510373203563,7.384301772203825,0.6108652381980136,14.999999999999861
52.552552552552555,0.525515313200595,-0.14565402019907056,0.13793309919403848,7.368308050504045,3.1522129020125136,7.398108898380359,0.6108652381980136,14.999999999999861
52.652652652652655,0.5255121640417714,-0.14565316591546484,0.13793291905052826,7.404274858497064,3.193275027925271,7.411916006379257,0.6108652381980136,14.999999999999861
52.752752752752755,0.5255090653737738,-0.14565232531631514,0.13793274179999146,7.439671095070627,3.2348295682072488,7.425723096491178,0.6108652381980136,14.999999999999861
52.852852852852855,0.5255060163891511,-0.14565149818318313,0.13793256739617551,7.474490016734135,3.2768685901576022,7.439530169002559,0.6108652381980136,14.999999999999861
52.952952952952955,0.5255030162924079,-0.14565068430084935,0.13793239579347844,7.508724994852025,3.319384075226022,7.453337224195603,0.6108652381980136,14.999999999999861
53.053053053053056,0.5255000643000054,-0.14564988345731322,0.13793222694694868,7.542369515643761,3.362367919012735,7.46714426234829,0.6108652381980136,14.999999999999861
53.153153153153156,0.5254971596403608,-0.14564909544379298,0.1379320608122852,7.575417180183839,3.405811931268501,7.480951283734369,0.6108652381980136,14.999999999999861
53.253253253253256,0.5254943015538477,-0.1456483200547257,0.1379318973458374,7.607861704401788,3.449707835894617,7.494758288623363,0.6108652381980136,14.999999999999861
53.353353353353356,0.5254914892927959,-0.14564755708776733,0.13793173650460522,7.639696919082167,3.494047270942916,7.508565277280566,0.6108652381980136,14.999999999999861
53.453453453453456,0.5254887221214912,-0.14564680634379265,0.13793157824623903,7.670916769864563,3.5388217886157616,7.522372249967047,0.6108652381980136,14.999999999999861
53.553553553553556,0.5254859993161759,-0.14564606762689528,0.13793142252903973,7.701515317243602,3.58402285526606,7.536179206939643,0.6108652381980136,14.999999999999861
53.653653653653656,0.5254833201650484,-0.14564534074438776,0.13793126931195865,7.731486736568932,3.6296418513972464,7.549986148450965,0.6108652381980136,14.999999999999861
53.753753753753756,0.5254806839682633,-0.14564462550680135,0.13793111855459764,7.7608253180452405,3.6756700716632946,7.563793074749397,0.6108652381980136,14.999999999999861
53.853853853853856,0.5254780900379268,-0.14564392172788512,0.13793097021720904,7.789525466761886,3.722098724918002,7.577599986079096,0.6108652381980136,14.999999999999861
53.953953953953956,0.5254755376945637,-0.14564322922371478,0.1379308242608201,7.817581728968914,3.768918976050966,7.591406882681033,0.6108652381980136,14.999999999999861
54.054054054054056,0.525473026271398,-0.14564254781383296,0.13793068064744257,7.844988772104852,3.8161219076523034,7.605213764791489,0.6108652381980136,14.999999999999861
54.154154154154156,0.5254705551149605,-0.14564187732134065,0.1379305393396908,7.871741370974528,3.863698502185449,7.61902063264212,0.6108652381980136,14.999999999999861
54.254254254254256,0.5254681235813117,-0.1456412175719087,0.13793040030070247,7.89783442964338,3.9116396799745754,7.632827486461213,0.6108652381980136,14.999999999999861
54.354354354354356,0.5254657310360414,-0.14564056839377781,0.1379302634941389,7.923262981437453,3.9599362992045872,7.646634326473685,0.6108652381980136,14.999999999999861
54.454454454454456,0.5254633768542694,-0.14563992961775837,0.1379301288841847,7.9480221889434,4.008579155921127,7.6604411529010825,0.6108652381980136,14.999999999999861
54.55455455455456,0.5254610604206443,-0.14563930107723075,0.13792999643554815,7.972107344008484,4.057558984030572,7.674247965961582,0.6108652381980136,14.999999999999861
54.65465465465466,0.5254587811293452,-0.14563868260814505,0.13792986611346075,7.995513867740572,4.1068664553000325,7.6880547658699925,0.6108652381980136,14.999999999999861
54.75475475475476,0.5254565383840798,-0.14563807404902118,0.13792973788367768,8.018237310508141,4.156492179357357,7.701861552837752,0.6108652381980136,14.999999999999861
54.85485485485486,0.5254543315980859,-0.14563747524094894,0.13792961171247745,8.040273351940279,4.206426703691127,7.715668327072928,0.6108652381980136,14.999999999999861
54.95495495495496,0.5254521601941307,-0.14563688602758787,0.1379294875666621,8.061617800926676,4.256660513650661,7.729475088780219,0.6108652381980136,14.999999999999861
55.05505505505506,0.5254500236045108,-0.1456363062551674,0.13792936541355708,8.082266595617636,4.307184032446014,7.7432818381609545,0.6108652381980136,14.999999999999861
55.15515515515516,0.5254479212710526,-0.14563573577248673,0.13792924522101138,8.102215803424066,4.3579876211479665,7.757088575413093,0.6108652381980136,14.999999999999861
55.25525525525526,0.5254458526451119,-0.1456351744309149,0.1379291269573974,8.121461621017481,4.409061578688044,7.7708953007312225,0.6108652381980136,14.999999999999861
55.35535535535536,0.5254438171850431,-0.14563462208374137,0.1379290105916453,8.14000038991253,4.460396182697176,7.784702014307349,0.6108652381980136,14.999999999999861
55.45545545545546,0.5254418143586297,-0.14563407858683658,0.13792889609343034,8.157828590239314,4.511981663846172,7.79850871632998,0.6108652381980136,14.999999999999861
55.55555555555556,0.5254398436448038,-0.1456335437990603,0.13792878343295573,8.174942824517121,4.563808168239865,7.8123154069837435,0.6108652381980136,14.999999999999861
55.65565565565566,0.5254379045300862,-0.14563301758132124,0.13792867258084437,8.191339834111517,4.615865805984501,7.8261220864505825,0.6108652381980136,14.999999999999861
55.75575575575576,0.5254359965085829,-0.14563249979657647,0.13792856350813892,8.207016499253362,4.668144651240597,7.839928754909758,0.6108652381980136,14.999999999999861
55.85585585585586,0.5254341190819845,-0.1456319903098311,0.1379284561863017,8.221969839038806,4.720634742222939,7.85373541253785,0.6108652381980136,14.999999999999861
55.95595595595596,0.525432271759567,-0.1456314889881385,0.13792835058721473,8.236197011429294,4.773326081200578,7.867542059508754,0.6108652381980136,14.999999999999861
56.05605605605606,0.5254304540581913,-0.14563099570060012,0.13792824668317966,8.249695313251557,4.826208634496837,7.881348695993686,0.6108652381980136,14.999999999999861
56.15615615615616,0.5254286655023034,-0.14563051031836574,0.13792814444691792,8.26246218019762,4.879272332489303,7.89515532216118,0.6108652381980136,14.999999999999861
56.25625625625626,0.5254269056239342,-0.1456300327146332,0.13792804385157056,8.2744951868248,4.9325070696098345,7.908961938177086,0.6108652381980136,14.999999999999861
56.35635635635636,0.5254251739626998,-0.14562956276464858,0.13792794487069837,8.285792046555704,4.985902704344556,7.922768544204574,0.6108652381980136,14.999999999999861
56.45645645645646,0.5254234700658011,-0.14562910034570611,0.13792784747828182,8.29635061167823,5.039449059233861,7.936575140404131,0.6108652381980136,14.999999999999861
56.55655655655656,0.5254217934880243,-0.14562864533714823,0.13792775164872104,8.30616887334557,5.093135920872418,7.950381726933564,0.6108652381980136,14.999999999999861
56.65665665665666,0.5254201437917403,-0.1456281976203655,0.13792765735683585,8.315244961576202,5.1469530399091425,7.964188303947993,0.6108652381980136,14.999999999999861
56.75675675675676,0.5254185205454801,-0.14562775707842585,0.13792756457785976,8.323577150224565,5.200890160893695,7.97799487160032,0.6108652381980136,14.999999999999861
56.85685685685686,0.5254169233240551,-0.14562732359612685,0.13792747328756394,8.331163861640446,5.254937032596668,7.9918014300410904,0.6108652381980136,14.999999999999861
56.95695695695696,0.5254153517119685,-0.14562689706087106,0.1379273834622023,8.338003653308883,5.309083331497565,8.005607979417462,0.6108652381980136,14.999999999999861
57.05705705705706,0.5254138052998513,-0.14562647736171686,0.13792729507836626,8.344095225650399,5.3633187239535385,8.019414519874429,0.6108652381980136,14.999999999999861
57.15715715715716,0.5254122836843584,-0.14562606438935105,0.13792720811298248,8.349437422313526,5.417632868192504,8.033221051554854,0.6108652381980136,14.999999999999861
57.25725725725726,0.5254107864681692,-0.14562565803608885,0.13792712254331277,8.354029230174794,5.47201541431314,8.047027574599468,0.6108652381980136,14.999999999999861
57.35735735735736,0.5254093132599863,-0.1456252581958738,0.1379270383469541,8.35786977933874,5.526456004284892,8.060834089146876,0.6108652381980136,14.999999999999861
57.45745745745746,0.5254078636745368,-0.14562486476427794,0.13792695550183875,8.360958343137902,5.580944271947968,8.074640595333552,0.6108652381980136,14.999999999999861
57.55755755755756,0.5254064373325719,-0.1456244776385017,0.13792687398623402,8.363294338132823,5.635469843013339,8.088447093293835,0.6108652381980136,14.999999999999861
57.65765765765766,0.5254050338608665,-0.14562409671737386,0.1379267937787425,8.364877324112046,5.690022335062745,8.102253583159943,0.6108652381980136,14.999999999999861
57.75775775775776,0.5254036528922195,-0.14562372190135167,0.13792671485830202,8.365707004092123,5.744591357548683,8.116060065061957,0.6108652381980136,14.999999999999861
57.85785785785786,0.5254022940654538,-0.14562335309252072,0.13792663720418544,8.365783224317605,5.799166511794424,8.12986653912783,0.6108652381980136,14.999999999999861
57.95795795795796,0.5254009570254167,-0.14562299019459513,0.13792656079600094,8.365105974261047,5.853737390993994,8.14367300548339,0.6108652381980136,14.999999999999861
58.05805805805806,0.5253996414229788,-0.14562263311291723,0.13792648561369183,8.363675386623008,5.908293580212192,8.157479464252328,0.6108652381980136,14.999999999999861
58.15815815815816,0.5253983469146108,-0.14562228175434624,0.1379264116375284,8.3614917368985,5.962824667350879,8.17128591555635,0.6108652381980136,14.999999999999861
58.25825825825826,0.5253970731605941,-0.14562193602679657,0.1379263388481297,8.358555443239588,6.017320298867961,8.18509235951572,0.6108652381980136,14.999999999999861
58.35835835835836,0.5253958198292946,-0.14562159584036544,0.13792626722656107,8.354867071942989,6.07177007348007,8.198898796247846,0.6108652381980136,14.999999999999861
58.45845845845846,0.5253945865944405,-0.14562126110659782,0.1379261967541743,8.35042733214653,6.12616359627473,8.212705225868252,0.6108652381980136,14.999999999999861
58.55855855855856,0.5253933731345298,-0.14562093173832927,0.13792612741258786,8.345237075007761,6.180490492693884,8.22651164849077,0.6108652381980136,14.999999999999861
58.65865865865866,0.5253921791328309,-0.14562060764968598,0.1379260591836867,8.339297293703932,6.234740408533889,8.240318064227552,0.6108652381980136,14.999999999999861
58.75875875875876,0.5253910042773818,-0.14562028875608457,0.13792599204962236,8.332609123432013,6.2889030099455185,8.254124473189057,0.6108652381980136,14.999999999999861
58.85885885885886,0.5253898482609909,-0.14561997497423232,0.13792592599281306,8.325173841408677,6.342967983433966,8.267930875484062,0.6108652381980136,14.999999999999861
58.95895895895896,0.5253887107812363,-0.1456196662221269,0.13792586099594353,8.316992866870313,6.396925035858839,8.281737271219658,0.6108652381980136,14.999999999999861
59.05905905905906,0.525387591540466,-0.14561936241905674,0.1379257970419651,8.308067761073024,6.45076389443416,8.295543660501245,0.6108652381980136,14.999999999999861
59.15915915915916,0.5253864902457984,-0.14561906348560064,0.13792573411409567,8.29840022729262,6.50447430672837,8.30935004343254,0.6108652381980136,14.999999999999861
59.25925925925926,0.5253854066091217,-0.14561876934362805,0.1379256721958198,8.287992110824622,6.558046040664328,8.323156420115575,0.6108652381980136,14.999999999999861
59.35935935935936,0.5253843403470939,-0.14561847991629892,0.13792561127088854,8.276845398984262,6.611468884519304,8.336962790650693,0.6108652381980136,14.999999999999861
59.45945945945946,0.5253832911811432,-0.14561819512806376,0.13792555132331957,8.26496222110649,6.664732646924994,8.35076915513655,0.6108652381980136,14.999999999999861
59.55955955955956,0.5253822588374679,-0.14561791490466364,0.13792549233739718,8.25234484854596,6.717827156867501,8.364575513670122,0.6108652381980136,14.999999999999861
59.65965965965966,0.5253812430456574,-0.14561763917276635,0.13792543429764345,8.238995683905824,6.770742309428991,8.378381866347144,0.6108652381980136,14.999999999999861
59.75975975975976,0.5253802435399538,-0.14561736786031002,0.13792537718890768,8.22491727061406,6.823468041170578,8.392188213261669,0.6108652381980136,14.999999999999861
59.85985985985986,0.5253792600604164,-0.1456171008968012,0.13792532099633906,8.210112302781363,6.875994280418386,8.405994554505707,0.6108652381980136,14.999999999999861
59.95995995995996,0.525378292350872,-0.1456168382127666,0.13792526570529795,8.194583609607582,6.92831100380961,8.419800890169933,0.6108652381980136,14.999999999999861
60.06006006006006,0.5253773401589111,-0.14561657973975198,0.1379252113013559,8.178334155349066,6.98040823642011,8.4336072203437,0.6108652381980136,14.999999999999861
60.16016016016016,0.5253764032358882,-0.145616325410322,0.13792515777029546,8.161367039318671,7.032276051764411,8.447413545115019,0.6108652381980136,14.999999999999861
60.26026026026026,0.5253754813369211,-0.14561607515806038,0.13792510509811032,8.143685495885759,7.083904571795702,8.46121986457058,0.6108652381980136,14.999999999999861
60.36036036036036,0.5253745742208914,-0.14561582891756988,0.13792505327100535,8.125292894476184,7.1352839669058366,8.47502617879574,0.6108652381980136,14.999999999999861
60.46046046046046,0.5253736816504444,-0.14561558662447216,0.1379250022753964,8.106192739572313,7.186404455925335,8.488832487874523,0.6108652381980136,14.999999999999861
60.56056056056056,0.525372803391989,-0.145615348215408,0.13792495209791045,8.08638867071301,7.2372563061233794,8.502638791889623,0.6108652381980136,14.999999999999861
60.66066066066066,0.525371939215698,-0.1456151136280371,0.13792490272538566,8.065884462493646,7.28782983320782,8.516445090922407,0.6108652381980136,14.999999999999861
60.76076076076076,0.5253710888955075,-0.1456148828010382,0.13792485414487124,8.04468402456609,7.33811540132517,8.530251385052907,0.6108652381980136,14.999999999999861
60.86086086086086,0.5253702522091176,-0.14561465567410906,0.13792480634362744,8.022791401638719,7.388103423060602,8.544057674359825,0.6108652381980136,14.999999999999861
60.96096096096096,0.5253694289379919,-0.14561443218796638,0.1379247593091257,8.000210773476406,7.437784359437966,8.557863958920539,0.6108652381980136,14.999999999999861
61.06106106106106,0.5253686188673045,-0.14561421228433175,0.13792471302904674,7.976946453964865,7.487148721859544,8.571670238811103,0.6108652381980136,14.999999999999861
61.16116116116116,0.5253678217844174,-0.14561399590552873,0.13792466749124507,7.9530028627366445,7.536187134410531,8.585476514106773,0.6108652381980136,14.999999999999861
61.26126126126126,0.5253670374813942,-0.1456137829951564,0.13792462268385822,7.928384567298508,7.584890252599057,8.599282784881128,0.6108652381980136,14.999999999999861
61.36136136136136,0.5253662657542129,-0.14561357349787143,0.13792457859523138,7.903096273560964,7.633248775156696,8.613089051206368,0.6108652381980136,14.999999999999861
61.46146146146146,0.5253655064018097,-0.14561336735913205,0.13792453521387624,7.877142809796352,7.681253475756005,8.626895313153648,0.6108652381980136,14.999999999999861
61.56156156156156,0.5253647592260803,-0.14561316452519799,0.13792449252847097,7.850529126638841,7.728895203010521,8.64070157079308,0.6108652381980136,14.999999999999861
61.66166166166166,0.5253640240318783,-0.14561296494313047,0.13792445052786018,7.823260297084429,7.776164880474766,8.654507824193725,0.6108652381980136,14.999999999999861
61.76176176176176,0.5253633006270167,-0.1456127685607923,0.13792440920105492,7.795341516490946,7.823053506644244,8.668314073423604,0.6108652381980136,14.999999999999861
61.86186186186186,0.5253625888222667,-0.14561257532684774,0.13792436853723272,7.766778102578045,7.869552154955439,8.682120318549686,0.6108652381980136,14.999999999999861
61.96196196196196,0.5253618884313584,-0.14561238519076258,0.13792432852573758,7.737575495427216,7.915651973785821,8.695926559637899,0.6108652381980136,14.999999999999861
62.06206206206206,0.5253611992709805,-0.14561219810280418,0.13792428915607988,7.707739257481774,7.961344186453841,8.709732796753121,0.6108652381980136,14.999999999999861
62.16216216216216,0.5253605211607804,-0.1456120140140414,0.13792425041793657,7.677275073546863,8.006620091218934,8.723539029959191,0.6108652381980136,14.999999999999861
62.26226226226226,0.5253598539233643,-0.14561183287634452,0.13792421230115096,7.646188750789459,8.051471061281514,8.737345259318891,0.6108652381980136,14.999999999999861
62.36236236236236,0.5253591973842968,-0.1456116546423855,0.13792417479573282,7.6144862187383655,8.09588854478298,8.751151484893969,0.6108652381980136,14.999999999999861
62.46246246246246,0.5253585513721017,-0.14561147926563772,0.1379241378918585,7.582173529284218,8.139864064805712,8.764957706745117,0.6108652381980136,14.999999999999861
62.56256256256256,0.5253579157182071,-0.14561130670036168,0.1379241015798686,7.549256854966611,8.183389221601633,8.778763924932004,0.6108652381980136,14.999999999999861
62.66266266266266,0.5253572902557074,-0.1456111369012759,0.13792406585023315,7.515742446508812,8.226455750527624,8.79257013951369,0.6108652381980131,14.999999999999854
62.76276276276276,0.525356674821477,-0.14561096982412416,0.1379240306936451,7.481636695744621,8.269055444522916,8.806376350547886,0.6108652381980122,14.999999999999842
62.86286286286286,0.525356069255435,-0.14561080542547378,0.13792399610096095,7.446946120441245,8.31118016799466,8.820182558091233,0.6108652381980111,14.99999999999983
62.96296296296296,0.5253554733998194,-0.1456106436625204,0.137923962063168,7.411677342626218,8.352821883939873,8.833988762199553,0.6108652381980102,14.999999999999817
63.06306306306306,0.5253548870991868,-0.1456104844930882,0.1379239285713843,7.3758370885874,8.393972653945434,8.847794962927848,0.6108652381980096,14.999999999999812
63.16316316316316,0.5253543102004121,-0.14561032787562964,0.13792389561685872,7.339432188872978,8.4346246381881,8.861601160330302,0.6108652381980095,14.99999999999981
63.26326326326326,0.5253537425526893,-0.1456101737692257,0.1379238631909709,7.3024695782914675,8.474770095434483,8.875407354460275,0.61086523819801,14.999999999999817
63.36336336336336,0.5253531840075306,-0.1456100221335857,0.13792383128523142,7.264956295911709,8.514401383041065,8.889213545370314,0.6108652381980111,14.999999999999831
63.46346346346346,0.525352634418767,-0.1456098729290474,0.13792379989128142,7.226899485062869,8.553510956954202,8.903019733112142,0.6108652381980126,14.999999999999853
63.56356356356356,0.5253520936425479,-0.145609726116577,0.13792376900089304,7.188306393334446,8.592091371710108,8.91682591773666,0.6108652381980146,14.999999999999877
63.66366366366366,0.5253515615373416,-0.14560958165776908,0.13792373860596915,7.149184372576257,8.63013528043487,8.930632099293955,0.6108652381980169,14.999999999999906
63.76376376376376,0.5253510379639348,-0.14560943951484664,0.13792370869854337,7.109540878898457,8.667635434844433,8.94443827783329,0.6108652381980191,14.999999999999934
63.86386386386386,0.5253505227854329,-0.14560929965066108,0.1379236792707802,7.069383472671516,8.704584685244622,8.958244453403111,0.6108652381980211,14.99999999999996
63.96396396396396,0.5253500158672598,-0.14560916202869226,0.13792365031497492,7.028719818526239,8.740975980531118,8.972050626051045,0.6108652381980225,14.999999999999975
64.06406406406407,0.5253495170771534,-0.14560902661304712,0.13792362182355333,6.9875576851106045,8.776802368396144,8.985856795823898,0.6108652381980229,14.999999999999977
64.16416416416416,0.5253490262842597,-0.14560889336821797,0.13792359378904012,6.945904895725641,8.812057038983118,8.999662962767962,0.6108652381980225,14.99999999999997
64.26426426426427,0.5253485433603559,-0.1456087622594122,0.13792356620412116,6.903769382369316,8.846733283179336,9.013469126928602,0.6108652381980221,14.999999999999963
64.36436436436436,0.5253480681798648,-0.14560863325255294,0.13792353906162436,6.861159197788185,8.880824477862841,9.02727528835024,0.6108652381980216,14.999999999999956
64.46446446446447,0.5253476006190239,-0.14560850631405522,0.13792351235448014,6.818082476198921,8.914324118039833,9.041081447076664,0.6108652381980212,14.99999999999995
64.56456456456456,0.5253471405558842,-0.14560838141082585,0.13792348607572158,6.774547433288365,8.94722581684463,9.054887603151016,0.6108652381980209,14.999999999999945
64.66466466466467,0.5253466878703106,-0.14560825851026352,0.13792346021848428,6.730562366213482,8.979523305539706,9.068693756615806,0.6108652381980209,14.999999999999941
64.76476476476476,0.5253462424439819,-0.1456081375802586,0.13792343477600646,6.686135653601398,9.011210433515656,9.082499907512888,0.610865238198021,14.999999999999941
64.86486486486487,0.5253458041603909,-0.14560801858919334,0.13792340974162895,6.641275755549366,9.042281168291225,9.096306055883488,0.6108652381980213,14.999999999999941
64.96496496496496,0.5253453729048443,-0.14560790150594186,0.13792338510879507,6.595991213624802,9.072729595513287,9.110112201768183,0.6108652381980219,14.999999999999943
65.06506506506507,0.5253449485644622,-0.14560778629986992,0.13792336087105078,6.550290650865246,9.102549918956859,9.123918345206913,0.6108652381980225,14.999999999999948
65.16516516516516,0.5253445310281795,-0.1456076729408353,0.13792333702204468,6.504182771778401,9.13173646052509,9.137724486238975,0.6108652381980234,14.999999999999954
65.26526526526527,0.5253441201867439,-0.14560756139918743,0.13792331355552784,6.4576763623420925,9.160283660249275,9.151530624903023,0.6108652381980242,14.99999999999996
65.36536536536536,0.5253437159327179,-0.1456074516457676,0.13792329046535395,6.41078029000432,9.188186076288831,9.165336761237072,0.6108652381980251,14.999999999999966
65.46546546546547,0.5253433181604772,-0.14560734365190894,0.13792326774547933,6.363503503683187,9.215438384931334,9.179142895278497,0.6108652381980256,14.999999999999972
65.56556556556556,0.525342926766212,-0.14560723738943637,0.13792324538996287,6.315855033766987,9.24203538059247,9.192949027064026,0.610865238198026,14.999999999999975
65.66566566566567,0.5253425416474606,-0.14560713283054189,0.13792322339294727,6.267843954708639,9.267971996774344,9.206755156629914,0.6108652381980261,14.999999999999977
65.76576576576576,0.5253421627033302,-0.14560702994784525,0.1379232017486781,6.21947938962643,9.293243307775638,9.220561284011843,0.6108652381980263,14.999999999999979
65.86586586586587,0.5253417898352993,-0.1456069287146079,0.13792318045152877,6.170770582046794,9.317844487070717,9.234367409244667,0.6108652381980265,14.999999999999979
65.96596596596596,0.5253414229462793,-0.14560682910448,0.13792315949595393,6.121726831620019,9.341770840089417,9.24817353236273,0.6108652381980267,14.999999999999979
66.06606606606607,0.5253410619406009,-0.1456067310914966,0.13792313887648855,6.072357493099462,9.365017804763434,9.261979653399878,0.610865238198027,14.999999999999979
66.16616616616616,0.5253407067240143,-0.14560663465007775,0.1379231185877481,6.022671976341612,9.387580951526294,9.275785772389447,0.610865238198027,14.999999999999979
66.26626626626627,0.525340357203689,-0.14560653975502832,0.13792309862442845,5.9726797463060235,9.409455983313373,9.289591889364283,0.610865238198027,14.99999999999998
66.36636636636636,0.5253400132882132,-0.14560644638153822,0.13792307898130596,5.922390323055382,9.430638735561878,9.30339800435672,0.6108652381980267,14.99999999999998
66.46646646646647,0.5253396748875951,-0.14560635450518225,0.1379230596532374,5.871813281755441,9.451125176210871,9.317204117398598,0.6108652381980264,14.999999999999982
66.56656656656656,0.5253393419132617,-0.14560626410192018,0.13792304063515998,5.820958252675082,9.470911405701244,9.331010228521247,0.6108652381980259,14.999999999999984
66.66666666666667,0.5253390142780595,-0.14560617514809668,0.13792302192209138,5.7698349211862565,9.489993656975741,9.344816337755503,0.6108652381980253,14.999999999999986
66.76676676676676,0.5253386918962542,-0.14560608762044136,0.13792300350912973,5.718453027764044,9.508368295478936,9.358622445131694,0.6108652381980247,14.999999999999988
66.86686686686687,0.5253383746835305,-0.1456060014960688,0.13792298539145353,5.666822367986596,9.526031819157259,9.372428550679654,0.6108652381980242,14.99999999999999
66.96696696696696,0.525338062556993,-0.14560591675247853,0.1379229675643218,5.614952792535184,9.542980858458966,9.386234654428705,0.6108652381980237,14.999999999999991
67.06706706706707,0.525337755435165,-0.14560583336755492,0.137922950023074,5.562854207194169,9.559212176334169,9.400040756407673,0.6108652381980234,14.999999999999991
67.16716716716716,0.5253374532377526,-0.1456057513195037,0.1379229327631195,5.510536546392108,9.574722676401741,9.413846856644968,0.6108652381980233,14.99999999999999
67.26726726726727,0.5253371558854828,-0.14560567058680937,0.13792291577993573,5.458009742588162,9.589509415628028,9.427652955168625,0.6108652381980232,14.999999999999984
67.36736736736736,0.5253368633010198,-0.14560559114848104,0.13792289906910643,5.405283831528035,9.60356957182174,9.441459052005996,0.6108652381980229,14.999999999999977
67.46746746746747,0.5253365754081888,-0.14560551298384267,0.13792288262628088,5.352368880442459,9.616900462400071,9.455265147184031,0.6108652381980226,14.999999999999972
67.56756756756756,0.5253362921319275,-0.14560543607252013,0.13792286644717155,5.299274983087312,9.62949954581544,9.469071240729276,0.6108652381980225,14.999999999999968
67.66766766766767,0.5253360133982863,-0.14560536039444105,0.13792285052755407,5.246012259743553,9.641364421555513,9.482877332667895,0.6108652381980225,14.99999999999997
67.76776776776777,0.5253357391344281,-0.145605285929835,0.1379228348632672,5.192590857217286,9.652492830143196,9.496683423025647,0.6108652381980225,14.999999999999975
67.86786786786787,0.5253354692686287,-0.1456052126592333,0.13792281945021298,5.139020948839697,9.662882653136634,9.510489511827908,0.6108652381980227,14.999999999999984
67.96796796796797,0.5253352037302762,-0.14560514056346915,0.13792280428435655,5.085312734467114,9.67253191312921,9.524295599099652,0.6108652381980231,14.999999999999998
68.06806806806807,0.5253349424498716,-0.1456050696236776,0.1379227893617262,5.03147644048095,9.681438773749555,9.538101684865467,0.6108652381980235,15.000000000000016
68.16816816816817,0.525334685359028,-0.14560499982129554,0.13792277467841346,4.9775223197877585,9.689601539661526,9.55190776914954,0.6108652381980241,15.000000000000036
68.26826826826827,0.525334432390472,-0.1456049311380617,0.13792276023057298,4.923460651819181,9.697018656564234,9.565713851975673,0.6108652381980246,15.000000000000057
68.36836836836837,0.525334183478042,-0.1456048635560166,0.13792274601442264,4.8693017425319916,9.70368871119202,9.579519933367267,0.6108652381980252,15.000000000000075
68.46846846846847,0.5253339385566892,-0.14560479705750265,0.13792273202624344,4.815055924408063,9.709610431314472,9.593326013347335,0.6108652381980256,15.000000000000089
68.56856856856857,0.5253336975624778,-0.14560473162516413,0.13792271826237962,4.760733556454399,9.714782685736413,9.60713209193849,0.6108652381980259,15.000000000000096
68.66866866866867,0.525333460432409,-0.14560466724189988,0.13792270471923027,4.706344998121993,9.719204486724118,9.620938169163026,0.610865238198026,15.000000000000098
68.76876876876877,0.5253332271042879,-0.1456046038908279,0.1379226913932462,4.651900576331978,9.722874996030315,9.63474424504293,0.6108652381980263,15.000000000000105
68.86886886886887,0.5253329975174185,-0.14560454155547245,0.13792267828096133,4.5974106916612385,9.725793515034917,9.648550319599677,0.6108652381980266,15.000000000000115
68.96896896896897,0.5253327716120179,-0.14560448021960537,0.1379226653789612,4.542885747033489,9.727959488221014,9.662356392854406,0.610865238198027,15.000000000000126
69.06906906906907,0.5253325493291778,-0.14560441986723596,0.13792265268388107,4.488336142536528,9.72937250355635,9.676162464827959,0.6108652381980273,15.000000000000135
69.16916916916917,0.5253323306108654,-0.14560436048261097,0.13792264019240602,4.433772275422305,9.730032292493318,9.689968535540858,0.6108652381980273,15.000000000000137
69.26926926926927,0.5253321153999222,-0.1456043020502145,0.13792262790127086,4.379204540106856,9.729938729968968,9.703774605013326,0.6108652381980272,15.000000000000133
69.36936936936937,0.5253319036400652,-0.14560424455476803,0.1379226158072601,4.324643328170367,9.729091834405002,9.717580673265262,0.6108652381980268,15.000000000000123
69.46946946946947,0.5253316952758857,-0.1456041879812305,0.13792260390720804,4.270099028357112,9.727491767707773,9.731386740316275,0.6108652381980264,15.000000000000105
69.56956956956957,0.5253314902528506,-0.14560413231479827,0.13792259219799877,4.215582026575511,9.725138835268291,9.745192806185644,0.6108652381980256,15.00000000000008
69.66966966966967,0.5253312885173014,-0.145604077540905,0.13792258067656607,4.161102705898077,9.722033485962216,9.758998870892357,0.6108652381980249,15.000000000000053
69.76976976976977,0.5253310900164542,-0.1456040236452219,0.13792256933989347,4.106671446561468,9.71817631214986,9.77280493445508,0.610865238198024,15.000000000000025
69.86986986986987,0.5253308946984004,-0.14560397061365746,0.1379225581850143,4.052298625966434,9.713568049676189,9.786610996892174,0.6108652381980232,14.999999999999998
69.96996996996997,0.5253307025121066,-0.14560391843235762,0.13792254720901165,3.99799461867786,9.708209577870822,9.800417058221692,0.6108652381980225,14.999999999999979
70.07007007007007,0.5253305134074137,-0.14560386708770576,0.13792253640901828,3.943769796424741,9.70210191954803,9.814223118461376,0.6108652381980223,14.99999999999997
70.17017017017017,0.5253303273348172,-0.1456038165662631,0.13792252578220596,3.889634485736678,9.695246236450012,9.828029177628736,0.6108652381980222,14.99999999999997
70.27027027027027,0.5253301442456095,-0.14560376685480744,0.13792251532579455,3.835598979094963,9.687643833941031,9.841835235740998,0.6108652381980221,14.999999999999966
70.37037037037037,0.5253299640921629,-0.14560371794040958,0.137922505037064,3.781673599549143,9.679296166490586,9.855641292815005,0.6108652381980219,14.999999999999963
70.47047047047047,0.5253297868275433,-0.1456036698103284,0.1379224949133337,3.7278686390358486,9.670204828621609,9.86944734886736,0.6108652381980217,14.999999999999957
70.57057057057057,0.5253296124055071,-0.14560362245201025,0.13792248495196238,3.6741943578572607,9.66037155484423,9.883253403914418,0.6108652381980216,14.999999999999954
70.67067067067067,0.5253294407805017,-0.14560357585308895,0.1379224751503481,3.620660984681045,9.649798219655775,9.897059457972292,0.6108652381980216,14.99999999999995
70.77077077077077,0.5253292719076648,-0.14560353000138562,0.13792246550592824,3.567278716540415,9.638486837540762,9.910865511056844,0.6108652381980216,14.999999999999948
70.87087087087087,0.5253291057428247,-0.14560348488490893,0.13792245601617942,3.514057718834072,9.626439562970903,9.924671563183702,0.6108652381980217,14.99999999999995
70.97097097097097,0.5253289422425005,-0.14560344049185492,0.13792244667861764,3.461008125326263,9.613658690405103,9.938477614368242,0.6108652381980221,14.999999999999952
71.07107107107107,0.5253287813639018,-0.145603396810607,0.1379224374907982,3.408140038146725,9.60014665428946,9.9522836646256,0.6108652381980223,14.999999999999957
71.17117117117117,0.5253286230649288,-0.14560335382973605,0.1379224284503157,3.3554635277907376,9.585906029057274,9.966089713970668,0.6108652381980226,14.999999999999963
71.27127127127127,0.5253284673041724,-0.14560331153800038,0.13792241955480403,3.302988633119072,9.570939529129022,9.979895762418089,0.610865238198023,14.999999999999968
71.37137137137137,0.525328314040914,-0.1456032699243457,0.13792241080193646,3.250725361358046,9.555250008912397,9.993701809982266,0.6108652381980233,14.999999999999973
71.47147147147147,0.5253281632351255,-0.14560322897790512,0.1379224021894255,3.198683688099462,9.538840462802266,10.007507856677359,0.6108652381980235,14.999999999999977
71.57157157157157,0.5253280148474433,-0.14560318868799205,0.13792239371502168,3.1468735514514354,9.521714023254122,10.02131390251729,0.6108652381980235,14.999999999999977
71.67167167167167,0.5253278688389301,-0.14560314904403598,0.13792238537650175,3.0953047917129086,9.50387394274519,10.035119947515827,0.6108652381980233,14.999999999999973
71.77177177177177,0.5253277251715348,-0.145603110035707,0.137922377171693,3.043987246167243,9.485323626868079,10.04892599168643,0.610865238198023,14.999999999999968
71.87187187187187,0.5253275838078522,-0.14560307165285025,0.1379223690984591,2.9929307131213676,9.46606661910273,10.062732035042329,0.6108652381980226,14.999999999999964
71.97197197197197,0.5253274447110242,-0.1456030338854595,0.13792236115469494,2.942144932191372,9.44610659390115,10.076538077596556,0.6108652381980224,14.999999999999963
72.07207207207207,0.5253273078447405,-0.14560299672367713,0.13792235333832667,2.8916395843024474,9.425447356687396,10.090344119361957,0.6108652381980223,14.999999999999964
72.17217217217217,0.5253271731732376,-0.14560296015779398,0.13792234564731146,2.8414242916889454,9.40409284385758,10.104150160351177,0.6108652381980224,14.99999999999997
72.27227227227228,0.5253270406612998,-0.1456029241782495,0.13792233807963783,2.7915086178943187,9.382047122779863,10.117956200576673,0.6108652381980227,14.999999999999979
72.37237237237237,0.5253269102742583,-0.14560288877563168,0.1379223306333254,2.741902067771184,9.359314391794467,10.131762240050705,0.6108652381980233,14.999999999999993
72.47247247247248,0.5253267819779919,-0.14560285394067704,0.13792232330642498,2.6926140874812554,9.335898980213662,10.145568278785346,0.6108652381980239,15.000000000000009
72.57257257257257,0.5253266557389268,-0.14560281966427074,0.13792231609701858,2.6436540644954123,9.31180534832178,10.159374316792462,0.6108652381980246,15.000000000000027
72.67267267267268,0.5253265315240364,-0.14560278593744638,0.1379223090032194,2.5950313275936305,9.287038087375194,10.17318035408374,0.6108652381980254,15.000000000000044
72.77277277277277,0.5253264093008413,-0.14560275275138618,0.13792230202317182,2.546755146865053,9.261601919602347,10.186986390670665,0.6108652381980261,15.00000000000006
72.87287287287288,0.5253262890374097,-0.14560272009742092,0.1379222951550514,2.498834733707914,9.235501698203716,10.200792426564533,0.6108652381980266,15.000000000000071
72.97297297297297,0.5253261707023564,-0.14560268796702977,0.13792228839706486,2.451279240679481,9.208742407265653,10.214598461776442,0.6108652381980268,15.000000000000075
73.07307307307308,0.5253260542646718,-0.14560265635179398,0.13792228174744112,2.4040977149938083,9.181329136242292,10.22840449631736,0.6108652381980267,15.000000000000071
73.17317317317317,0.5253259396939354,-0.14560262524345471,0.13792227520444322,2.3572991403804657,9.15326710702207,10.242210530198042,0.6108652381980264,15.000000000000066
73.27327327327328,0.5253258269603251,-0.14560259463391564,0.13792226876636796,2.310892453888361,9.124561680352741,10.25601656342904,0.6108652381980261,15.00000000000006
73.37337337337337,0.5253257160344549,-0.14560256451519868,0.13792226243153705,2.264886509534693,9.095218334050523,10.269822596020743,0.6108652381980259,15.000000000000055
73.47347347347348,0.5253256068873738,-0.14560253487944386,0.13792225619829693,2.219290078304898,9.065242663000069,10.283628627983393,0.6108652381980257,15.00000000000005
73.57357357357357,0.5253254994905667,-0.1456025057189095,0.137922250065019,2.1741118481527053,9.034640379154498,10.29743465932707,0.6108652381980259,15.000000000000048
73.67367367367368,0.5253253938159537,-0.14560247702597215,0.13792224403009934,2.1293604240000805,9.003417311535365,10.31124069006171,0.6108652381980261,15.000000000000048
73.77377377377377,0.5253252898358904,-0.1456024487931265,0.13792223809195903,2.08504432773728,8.971579406232694,10.325046720197088,0.6108652381980265,15.00000000000005
73.87387387387388,0.5253251875231683,-0.14560242101298554,0.13792223224904382,2.041171998222803,8.93913272640494,10.338852749742827,0.6108652381980272,15.000000000000053
73.97397397397397,0.525325086851014,-0.1456023936782804,0.13792222649982444,1.9977517912834342,8.906083452279027,10.352658778708394,0.610865238198028,15.000000000000059
74.07407407407408,0.5253249877930896,-0.1456023667818605,0.13792222084279634,1.9547919797141997,8.872437881150313,10.366464807103105,0.6108652381980287,15.000000000000066
74.17417417417417,0.5253248903234928,-0.1456023403166934,0.13792221527647983,1.9123007532784166,8.838202427382626,10.38027083493612,0.6108652381980295,15.000000000000073
74.27427427427428,0.5253247944167572,-0.14560231427586492,0.1379222097994201,1.8702862187076408,8.803383622408221,10.394076862216448,0.6108652381980301,15.000000000000078
74.37437437437437,0.525324700047851,-0.14560228865257913,0.1379222044101871,1.8287563996985523,8.767988114725075,10.40788288895294,0.6108652381980303,15.000000000000082
74.47447447447448,0.5253246071920579,-0.14560226344012542,0.1379221991073691,1.787719201313567,8.732022640072575,10.421688915154338,0.6108652381980302,15.000000000000082
74.57457457457457,0.525324515825106,-0.1456022386319141,0.13792219388958016,1.7471824347508647,8.695494046472366,10.435494940829223,0.61086523819803,15.00000000000008
74.67467467467468,0.525324425923211,-0.1456022142214878,0.13792218875546192,1.7071538407732396,8.658409311224068,10.44930096598601,0.6108652381980297,15.000000000000076
74.77477477477477,0.525324337462937,-0.1456021902024837,0.13792218370367595,1.667641056243376,8.620775510646872,10.463106990632985,0.6108652381980295,15.000000000000076
74.87487487487488,0.5253242504211953,-0.14560216656863315,0.13792217873290366,1.628651614123801,8.582599820079508,10.476913014778315,0.6108652381980294,15.000000000000078
74.97497497497497,0.5253241647752452,-0.14560214331376212,0.1379221738418462,1.5901929434769295,8.543889513880277,10.490719038430042,0.6108652381980295,15.000000000000082
75.07507507507508,0.5253240805026935,-0.1456021204317908,0.13792216902922463,1.5522723694650207,8.504651965427009,10.504525061596084,0.6108652381980297,15.00000000000009
75.17517517517517,0.5253239975814951,-0.14560209791673392,0.13792216429377982,1.5148971133502214,8.46489464711711,10.518331084284236,0.6108652381980302,15.000000000000101
75.27527527527528,0.5253239159899523,-0.1456020757627005,0.13792215963427243,1.4780742924945225,8.42462513036752,10.532137106502178,0.6108652381980307,15.000000000000115
75.37537537537537,0.5253238357067154,-0.14560205396389406,0.137922155049483,1.4418109203598033,8.383851085614753,10.545943128257452,0.6108652381980314,15.000000000000131
75.47547547547548,0.5253237567107822,-0.14560203251461243,0.13792215053821186,1.4061139065077857,8.342580282314849,10.559749149557492,0.6108652381980321,15.000000000000146
75.57557557557557,0.5253236789814988,-0.1456020114092479,0.13792214609927922,1.370990056600079,8.30082058894343,10.5735551704096,0.6108652381980327,15.00000000000016
75.67567567567568,0.5253236024985581,-0.14560199064228707,0.13792214173152506,1.3364460723981428,8.25857997299565,10.587361190820957,0.6108652381980331,15.000000000000169
75.77577577577577,0.5253235272419992,-0.14560197020831034,0.13792213743380904,1.3024885510323363,8.215866500055412,10.601167210798627,0.6108652381980332,15.00000000000017
75.87587587587588,0.5253234531920942,-0.1456019501019616,0.1379221332050046,1.2691239506547116,8.172688291893506,10.61497323034958,0.6108652381980332,15.000000000000167
75.97597597597597,0.5253233803295154,-0.14560193031799332,0.13792212904400805,1.2363586287761124,8.12905357878657,10.628779249480653,0.6108652381980331,15.000000000000163
76.07607607607608,0.5253233086352892,-0.14560191085125404,0.1379221249497358,1.204198840618697,8.084970693048822,10.642585268198559,0.6108652381980331,15.000000000000158
76.17617617617617,0.5253232380907205,-0.14560189169666787,0.1379221209211202,1.172650720663167,8.040448044597328,10.656391286509905,0.6108652381980331,15.000000000000155
76.27627627627628,0.5253231686773921,-0.1456018728492346,0.13792211695710943,1.1417202826487307,7.995494120951948,10.67019730442121,0.6108652381980331,15.000000000000151
76.37637637637637,0.5253231003771659,-0.14560185430402947,0.13792211305666757,1.1114134195731393,7.950117487235384,10.684003321938881,0.6108652381980332,15.00000000000015
76.47647647647648,0.5253230331721818,-0.14560183605620344,0.13792210921877462,1.0817359036926497,7.904326786173131,10.697809339069241,0.6108652381980333,15.00000000000015
76.57657657657657,0.5253229670448584,-0.14560181810098294,0.1379221054424264,1.0526933865220622,7.858130738093534,10.711615355818504,0.6108652381980334,15.000000000000151
76.67667667667668,0.5253229019778923,-0.14560180043367005,0.1379221017266346,1.0242913988346842,7.811538140927726,10.725421372192791,0.6108652381980336,15.000000000000155
76.77677677677677,0.5253228379542592,-0.14560178304964244,0.13792209807042688,0.9965353506623634,7.7645578702096865,10.73922738819812,0.6108652381980338,15.000000000000158
76.87687687687688,0.5253227749572126,-0.1456017659443533,0.13792209447284673,0.9694305312954585,7.717198879076192,10.753033403840417,0.610865238198034,15.000000000000162
76.97697697697697,0.5253227129702848,-0.1456017491133315,0.1379220909329535,0.9429821092828667,7.669470198266862,10.766839419125501,0.6108652381980342,15.000000000000167
77.07707707707708,0.5253226519772862,-0.14560173255218142,0.13792208744982243,0.9171951324319929,7.621380936124103,10.780645434059105,0.6108652381980342,15.000000000000169
77.17717717717717,0.5253225919622898,-0.1456017162565786,0.1379220840225438,0.8920745235489511,7.572940270437205,10.794451448646853,0.6108652381980342,15.000000000000169
77.27727727727728,0.5253225329095565,-0.1456017002222499,0.13792208065021883,0.8676250563161394,7.524157406015376,10.808257462894318,0.6108652381980344,15.000000000000176
77.37737737737737,0.5253224748037019,-0.14560168444501814,0.13792207733196893,0.8438513955722103,7.4750416541449685,10.822063476806935,0.6108652381980346,15.000000000000187
77.47747747747748,0.5253224176295876,-0.14560166892077325,0.13792207406692966,0.8207580784072134,7.425602390539506,10.835869490390063,0.6108652381980348,15.000000000000199
77.57757757757757,0.525322361372299,-0.14560165364546568,0.13792207085424923,0.7983495087451179,7.375849044464002,10.849675503648971,0.6108652381980351,15.000000000000208
77.67767767767768,0.5253223060171445,-0.1456016386151065,0.13792206769308862,0.7766299573437883,7.325791098734907,10.863481516588857,0.6108652381980352,15.000000000000211
77.77777777777777,0.5253222515496556,-0.14560162382576738,0.13792206458262152,0.7556035617950085,7.2754380897201605,10.877287529214838,0.6108652381980351,15.00000000000021
77.87787787787788,0.5253221979555871,-0.14560160927358062,0.13792206152203437,0.7352743265244577,7.224799607339135,10.891093541531951,0.6108652381980348,15.000000000000203
77.97797797797797,0.5253221452209171,-0.145601594954739,0.13792205851052633,0.7156461227917343,7.1738852950627,10.904899553545155,0.6108652381980344,15.000000000000188
78.07807807807808,0.5253220933318468,-0.14560158086549604,0.13792205554730927,0.696722688690333,7.122704849913153,10.918705565259332,0.6108652381980338,15.00000000000017
78.17817817817817,0.5253220422748005,-0.14560156700216575,0.13792205263160784,0.6785076291476658,7.0712680224642845,10.932511576679277,0.6108652381980332,15.000000000000151
78.27827827827828,0.5253219920364258,-0.14560155336112277,0.1379220497626594,0.6610044159250431,7.019584616841322,10.94631758780972,0.6108652381980325,15.000000000000131
78.37837837837837,0.5253219426035937,-0.1456015399388023,0.13792204693971402,0.6442163876176903,6.9676644907209795,10.960123598655295,0.610865238198032,15.000000000000114
78.47847847847848,0.5253218939633979,-0.1456015267317002,0.13792204416203455,0.6281467496547332,6.9155175553314105,10.973929609220574,0.6108652381980317,15.000000000000107
78.57857857857857,0.5253218461031166,-0.14560151373636224,0.13792204142889436,0.6127985661910186,6.863153748969635,10.987735619510055,0.6108652381980318,15.000000000000105
78.67867867867868,0.5253217990102151,-0.14560150094938518,0.13792203873957778,0.5981747549065703,6.810583028942425,11.001541629528168,0.6108652381980321,15.000000000000098
78.77877877877877,0.5253217526724359,-0.14560148836744083,0.1379220360933848,0.5842781074104684,6.757815436161749,11.015347639279245,0.6108652381980324,15.000000000000087
78.87887887887888,0.5253217070777021,-0.14560147598725026,0.13792203348962573,0.571111274900168,6.704861040638923,11.029153648767563,0.6108652381980326,15.000000000000078
78.97897897897897,0.525321662214116,-0.14560146380558303,0.1379220309276211,0.5586767676972236,6.6517299398569385,11.042959657997324,0.6108652381980328,15.000000000000071
79.07907907907908,0.5253216180699585,-0.1456014518192572,0.13792202840670165,0.5469769552472741,6.598432258770415,11.056765666972678,0.6108652381980327,15.000000000000068
79.17917917917917,0.525321574633689,-0.14560144002513936,0.13792202592620825,0.5360140661200569,6.544978149805656,11.0705716756977,0.6108652381980325,15.00000000000007
79.27927927927928,0.5253215318939459,-0.14560142842014462,0.1379220234854921,0.5257901880093943,6.491377792860587,11.084377684176413,0.6108652381980321,15.000000000000076
79.37937937937937,0.525321489839546,-0.14560141700123652,0.13792202108391444,0.5163072677332061,6.4376413953048175,11.09818369241277,0.6108652381980315,15.000000000000087
79.47947947947948,0.5253214484594847,-0.14560140576542727,0.13792201872084683,0.5075671112334983,6.38377919197958,11.111989700410662,0.6108652381980307,15.000000000000101
79.57957957957957,0.5253214077429363,-0.1456013947097774,0.13792201639567098,0.4995713835763735,6.329801445197792,11.125795708173916,0.61086523819803,15.000000000000117
79.67967967967968,0.5253213676792539,-0.14560138383139612,0.1379220141077788,0.4923216089520207,6.275718444743988,11.139601715706302,0.6108652381980292,15.000000000000133
79.77977977977977,0.525321328257969,-0.14560137312744104,0.13792201185657244,0.48581917067472574,6.221540507874399,11.153407723011515,0.6108652381980286,15.000000000000147
79.87987987987988,0.5253212894687916,-0.14560136259511833,0.13792200964146414,0.4800653111828614,6.167277979316867,11.167213730093202,0.6108652381980283,15.000000000000155
79.97997997997997,0.5253212513015607,-0.14560135223166895,0.1379220074618736,0.47506112733985245,6.112941187391693,11.18101973695495,0.6108652381980282,15.000000000000155
80.08008008008008,0.525321213746294,-0.14560134203438266,0.1379220053172308,0.47080757030968284,6.05854047428182,11.194825743600294,0.610865238198028,15.000000000000155
80.18018018018019,0.5253211767932192,-0.14560133200060604,0.13792200320697762,0.4673054511822982,6.004086231710603,11.208631750032685,0.6108652381980277,15.000000000000151
80.28028028028028,0.5253211404327058,-0.1456013221277243,0.13792200113056416,0.46455543752364686,5.949588851233078,11.22243775625553,0.6108652381980274,15.000000000000147
80.38038038038039,0.5253211046552659,-0.1456013124131613,0.13792199908744857,0.46255805337385053,5.895058724215085,11.236243762272188,0.6108652381980273,15.000000000000142
80.48048048048048,0.5253210694515539,-0.14560130285437947,0.13792199707709712,0.46131367924720673,5.840506241833319,11.250049768085958,0.6108652381980273,15.000000000000137
80.58058058058059,0.5253210348123661,-0.14560129344887993,0.13792199509898423,0.460822552132187,5.785941795075266,11.263855773700099,0.6108652381980273,15.000000000000131
80.68068068068068,0.5253210007286414,-0.1456012841942024,0.13792199315259246,0.46108476549143745,5.731375774739273,11.277661779117812,0.6108652381980275,15.000000000000126
80.78078078078079,0.5253209671914609,-0.14560127508792517,0.1379219912374124,0.4621002692617792,5.676818571434476,11.291467784342256,0.610865238198028,15.000000000000123
80.88088088088088,0.5253209341920478,-0.14560126612766525,0.13792198935294278,0.4638688698542067,5.622280575580874,11.305273789376528,0.6108652381980284,15.000000000000119
80.98098098098099,0.5253209017217678,-0.1456012573110782,0.1379219874986905,0.4663902301538913,5.567772177409247,11.31907979422369,0.610865238198029,15.000000000000115
81.08108108108108,0.5253208697721288,-0.14560124863585824,0.13792198567417058,0.46966386952017575,5.51330376696125,11.332885798886736,0.6108652381980294,15.000000000000115
81.18118118118119,0.5253208383347806,-0.14560124009973818,0.13792198387890606,0.4736891637865812,5.458885734089308,11.346691803368625,0.6108652381980298,15.000000000000115
81.28128128128128,0.525320807401516,-0.14560123170048953,0.13792198211242815,0.47846534526079887,5.4045284684567285,11.360497807672255,0.6108652381980302,15.000000000000117
81.38138138138139,0.5253207769642467,-0.1456012234359162,0.137921980374275,0.48399150503655003,5.350242334591149,11.374303811800493,0.6108652381980303,15.000000000000119
81.48148148148148,0.5253207470149931,-0.14560121530385153,0.13792197866399092,0.4902665926162707,5.296037646511708,11.388109815756154,0.6108652381980304,15.000000000000119
81.58158158158159,0.5253207175459623,-0.14560120730217962,0.13792197698113093,0.49728940765758467,5.241924758032242,11.401915819541998,0.6108652381980306,15.000000000000119
81.68168168168168,0.525320688549478,-0.14560119942881622,0.13792197532525663,0.5050586086962023,5.187913998452494,11.415721823160736,0.6108652381980308,15.000000000000117
81.78178178178179,0.5253206600179768,-0.1456011916817077,0.13792197369593615,0.5135727135827309,5.134015668662624,11.429527826615045,0.610865238198031,15.000000000000117
81.88188188188188,0.5253206319440082,-0.14560118405883107,0.13792197209274398,0.5228300994826656,5.080240041143281,11.443333829907559,0.610865238198031,15.000000000000117
81.98198198198199,0.5253206043202343,-0.14560117655819396,0.13792197051526106,0.5328290028763984,5.0265973599655345,11.457139833040875,0.610865238198031,15.00000000000012
82.08208208208208,0.5253205771394301,-0.14560116917783467,0.13792196896307482,0.5435675195592103,4.973097840790936,11.470945836017544,0.6108652381980307,15.000000000000124
82.18218218218219,0.5253205503944836,-0.145601161915822,0.13792196743577906,0.5550436046412779,4.919751670871466,11.484751838840085,0.6108652381980304,15.000000000000131
82.28228228228228,0.525320524078395,-0.14560115477025556,0.13792196593297407,0.5672550725476663,4.866569009049581,11.49855784151097,0.61086523819803,15.000000000000139
82.38238238238239,0.5253204981842782,-0.14560114773926544,0.13792196445426652,0.5801995970183391,4.813559985758165,11.512363844032636,0.6108652381980295,15.000000000000146
82.48248248248248,0.525320472705359,-0.1456011408210124,0.13792196299926957,0.5938747111081454,4.760734703020583,11.526169846407479,0.6108652381980291,15.000000000000153
82.58258258258259,0.5253204476349765,-0.14560113401368785,0.1379219615676028,0.6082778071868328,4.708103234450631,11.539975848637853,0.6108652381980287,15.00000000000016
82.68268268268268,0.5253204229665827,-0.1456011273155138,0.13792196015889227,0.6234061369390376,4.655675625252571,11.553781850726073,0.6108652381980285,15.000000000000163
82.78278278278279,0.5253203986937391,-0.1456011207247421,0.1379219587727702,0.6392568125968566,4.6034618881031815,11.567587852674421,0.6108652381980285,15.000000000000163
82.88288288288288,0.5253203748100809,-0.14560111423964456,0.1379219574088732,0.6558268228212327,4.551471944877811,11.581393854485142,0.6108652381980285,15.000000000000163
82.98298298298299,0.5253203513093806,-0.14560110785853028,0.13792195606684562,0.6731130058252514,4.499715710227299,11.595199856160441,0.6108652381980285,15.000000000000167
83.08308308308308,0.5253203281855172,-0.14560110157973732,0.13792195474633792,0.6911120604676703,4.448203064968791,11.60900585770248,0.6108652381980284,15.000000000000169
83.18318318318319,0.5253203054324602,-0.14560109540162816,0.13792195344700572,0.7098205530451088,4.396943834887594,11.622811859113394,0.6108652381980284,15.00000000000017
83.28328328328328,0.5253202830442685,-0.14560108932258972,0.13792195216850972,0.7292349172920266,4.345947790737238,11.636617860395281,0.6108652381980283,15.000000000000169
83.38338338338339,0.5253202610150912,-0.14560108334103333,0.1379219509105158,0.7493514543807467,4.295224648239412,11.650423861550216,0.6108652381980283,15.000000000000165
83.48348348348348,0.5253202393391675,-0.1456010774553948,0.13792194967269492,0.7701663329214302,4.244784068084027,11.66422986258023,0.6108652381980283,15.000000000000158
83.58358358358359,0.5253202180108263,-0.1456010716641343,0.1379219484547233,0.7916755889621024,4.194635655929158,11.678035863487333,0.6108652381980283,15.00000000000015
83.68368368368368,0.5253201970244868,-0.1456010659657365,0.13792194725628215,0.8138751259886275,4.144788962401095,11.691841864273494,0.6108652381980283,15.000000000000139
83.78378378378379,0.525320176374658,-0.14560106035871043,0.13792194607705796,0.8367607149247338,4.095253483094295,11.705647864940659,0.6108652381980283,15.000000000000128
83.88388388388388,0.5253201560559387,-0.14560105484158964,0.13792194491674223,0.8603279941319872,4.046038658571431,11.719453865490733,0.6108652381980284,15.000000000000117
83.98398398398399,0.5253201360630182,-0.14560104941293206,0.1379219437750317,0.8845724694098178,3.9971538743633452,11.7332598659256,0.6108652381980285,15.00000000000011
84.08408408408408,0.5253201163906752,-0.14560104407132002,0.1379219426516282,0.9094895139954939,3.9486084609690937,11.747065866247102,0.6108652381980285,15.000000000000107
84.18418418418419,0.525320097033771,-0.14560103881535827,0.13792194154623824,0.9350743748390387,3.9004116817934387,11.76087186645706,0.6108652381980285,15.000000000000108
84.28428428428428,0.5253200779872315,-0.14560103364366903,0.13792194045857206,0.9613221896054074,3.852572696250197,11.774677866557266,0.6108652381980283,15.000000000000105
84.38438438438439,0.5253200592460958,-0.1456010285549053,0.13792193938834638,0.988227946227877,3.805100636252273,11.788483866549473,0.610865238198028,15.000000000000101
84.48448448448448,0.5253200408054802,-0.14560102354774107,0.1379219383352823,1.0157865089979694,3.75800456166209,11.802289866435409,0.6108652381980277,15.000000000000098
84.58458458458459,0.5253200226605732,-0.14560101862086983,0.137921937299105,1.0439926222655362,3.7112934535013746,11.816095866216777,0.6108652381980275,15.000000000000098
84.68468468468468,0.5253200048066353,-0.14560101377300477,0.1379219362795439,1.0728409104387278,3.6649762139512094,11.82990186589525,0.6108652381980275,15.0000000000001
84.78478478478479,0.5253199872389996,-0.14560100900287862,0.13792193527633245,1.1023258779840246,3.6190616663519783,11.843707865472483,0.6108652381980277,15.000000000000107
84.88488488488488,0.5253199699530711,-0.1456010043092438,0.13792193428920826,1.132441909426204,3.573558555203423,11.857513864950096,0.6108652381980282,15.000000000000117
84.98498498498499,0.5253199529443271,-0.14560099969087226,0.13792193331791303,1.163183269348377,3.528475546164585,11.871319864329692,0.6108652381980287,15.000000000000133
85.08508508508508,0.5253199362083173,-0.14560099514655564,0.1379219323621926,1.1945441023919474,3.4838212260538657,11.88512586361284,0.6108652381980294,15.000000000000151
85.18518518518519,0.5253199197406634,-0.14560099067510515,0.137921931421797,1.2265184332566572,3.4396041028489632,11.898931862801096,0.6108652381980302,15.000000000000169
85.28528528528528,0.5253199035370596,-0.1456009862753516,0.13792193049648027,1.2591001667005366,3.395832605686938,11.912737861895975,0.6108652381980308,15.000000000000185
85.38538538538539,0.5253198875932721,-0.14560098194614543,0.13792192958600066,1.292283087539958,3.3525150848641454,11.92654386089898,0.6108652381980314,15.000000000000197
85.48548548548548,0.5253198719051393,-0.1456009776863567,0.13792192869012052,1.3260608607553086,3.3096598117043965,11.940349859811576,0.6108652381980315,15.000000000000199
85.58558558558559,0.5253198564685523,-0.14560097349486967,0.13792192780860515,1.3604270590468586,3.267274942788315,11.954155858635223,0.6108652381980316,15.000000000000197
85.68568568568568,0.5253198412794786,-0.14560096937058942,0.13792192694122427,1.3953751351813228,3.2253685509250154,11.967961857371343,0.610865238198032,15.000000000000194
85.78578578578579,0.5253198263339621,-0.14560096531244182,0.13792192608775197,1.4308984158207123,3.1839486366283474,11.981767856021337,0.6108652381980322,15.000000000000192
85.88588588588588,0.5253198116281051,-0.14560096131936853,0.13792192524796568,1.4669901242102514,3.1430231008759306,11.99557385458658,0.6108652381980325,15.00000000000019
85.98598598598599,0.5253197971580681,-0.145600957390327,0.13792192442164614,1.5036433801784197,3.102599745109107,12.009379853068435,0.6108652381980326,15.000000000000188
86.08608608608608,0.5253197829200696,-0.1456009535242905,0.1379219236085774,1.5408512001369095,3.062686271232988,12.023185851468233,0.6108652381980326,15.000000000000187
86.18618618618619,0.5253197689103866,-0.1456009497202481,0.1379219228085469,1.5786064970806692,3.023290281616406,12.036991849787297,0.6108652381980324,15.000000000000185
86.28628628628628,0.525319755125354,-0.14560094597720463,0.1379219220213453,1.6169020805878582,2.984419279091965,12.050797848026917,0.6108652381980321,15.000000000000185
86.38638638638639,0.5253197415613651,-0.1456009422941808,0.13792192124676658,1.655730656819894,2.9460806669559894,12.064603846188373,0.6108652381980316,15.000000000000185
86.48648648648648,0.5253197282148713,-0.1456009386702131,0.13792192048460816,1.695084828521406,2.9082817489685717,12.078409844272917,0.610865238198031,15.000000000000183
86.58658658658659,0.5253197150823823,-0.14560093510435376,0.13792191973467066,1.734957095020278,2.871029729353531,12.092215842281785,0.6108652381980304,15.000000000000183
86.68668668668668,0.525319702160466,-0.1456009315956709,0.1379219189967581,1.7753398522276085,2.8343317127984498,12.10602184021619,0.61086523819803,15.000000000000183
86.78678678678679,0.5253196894457484,-0.14560092814324835,0.13792191827067776,1.8162253926377507,2.798194704454638,12.119827838077326,0.6108652381980296,15.000000000000181
86.88688688688688,0.5253196769349048,-0.1456009247461834,0.13792191755623975,1.8576059238148808,2.762625593577824,12.133633835866366,0.6108652381980296,15.000000000000181
86.98698698698699,0.5253196646246598,-0.14560092140358674,0.1379219168532571,1.8994735741668165,2.72763114534542,12.147439833584473,0.6108652381980295,15.000000000000183
87.08708708708708,0.525319652511808,-0.1456009181145879,0.13792191616154678,1.9418203484871257,2.6932180409468978,12.161245831232774,0.6108652381980294,15.000000000000187
87.18718718718719,0.525319640593191,-0.1456009148783294,0.1379219154809284,1.9846381667853787,2.6593928458993807,12.175051828812393,0.6108652381980293,15.000000000000188
87.28728728728728,0.5253196288656978,-0.1456009116939665,0.13792191481122432,2.0279188654541596,2.6261620090542324,12.188857826324424,0.6108652381980292,15.000000000000188
87.38738738738739,0.5253196173262643,-0.14560090856066724,0.13792191415225957,2.0716541972691163,2.5935318625970183,12.202663823769955,0.6108652381980292,15.000000000000187
87.48748748748748,0.5253196059718735,-0.1456009054776124,0.1379219135038619,2.1158358313889143,2.5615086220475436,12.21646982115005,0.6108652381980291,15.000000000000181
87.58758758758759,0.5253195947995553,-0.14560090244399548,0.13792191286586164,2.16045535335528,2.530098386259819,12.230275818465762,0.6108652381980291,15.000000000000174
87.68768768768768,0.5253195838063865,-0.14560089945902285,0.1379219122380919,2.2055042650929537,2.4993071374220945,12.24408181571812,0.6108652381980292,15.000000000000165
87.78778778778779,0.5253195729894912,-0.14560089652191352,0.1379219116203884,2.2509739849097454,2.4691407410568207,12.257887812908146,0.6108652381980292,15.000000000000155
87.88788788788789,0.5253195623460402,-0.14560089363189935,0.13792191101258955,2.296855847496471,2.4396049460206926,12.271693810036837,0.6108652381980293,15.000000000000146
87.98798798798799,0.5253195518732513,-0.14560089078822488,0.13792191041453647,2.343141103927022,2.410705384504604,12.28549980710518,0.6108652381980294,15.000000000000139
88.08808808808809,0.5253195415683898,-0.1456008879901475,0.13792190982607297,2.3898209216582926,2.3824475720336915,12.29930580411414,0.6108652381980294,15.000000000000135
88.18818818818819,0.5253195314287631,-0.14560088523693615,0.1379219092470453,2.4368863964451566,2.354836900358939,12.313111801064672,0.6108652381980295,15.000000000000139
88.28828828828829,0.5253195214517143,-0.14560088252786943,0.13792190867730175,2.484328580310221,2.3278786186187563,12.326917797957709,0.6108652381980295,15.00000000000014
88.38838838838839,0.5253195116346446,-0.14560087986224163,0.13792190811669394,2.532138415748047,2.301577872132064,12.340723794794178,0.6108652381980294,15.000000000000142
88.48848848848849,0.525319501974995,-0.145600877239358,0.13792190756507572,2.5803067789593372,2.27593967929965,12.354529791574976,0.6108652381980293,15.000000000000146
88.58858858858859,0.5253194924702448,-0.145600874658534,0.13792190702230314,2.628824485043635,2.250968928640084,12.368335788301001,0.6108652381980293,15.000000000000147
88.68868868868869,0.5253194831179108,-0.14560087211909548,0.13792190648823438,2.6776822879992728,2.2266703787897475,12.382141784973127,0.6108652381980294,15.000000000000151
88.78878878878879,0.5253194739155481,-0.14560086962037852,0.13792190596272982,2.7268708807234265,2.2030486585028037,12.395947781592222,0.6108652381980295,15.000000000000156
88.88888888888889,0.5253194648607499,-0.14560086716172962,0.13792190544565205,2.776380895012058,2.180108266651228,12.409753778159134,0.6108652381980297,15.000000000000162
88.988988988989,0.5253194559511469,-0.14560086474250547,0.13792190493686576,2.826202901559975,2.157853572224777,12.423559774674702,0.6108652381980301,15.000000000000169
89.08908908908909,0.5253194471844084,-0.1456008623620732,0.13792190443623784,2.876327409960767,2.1362888143310204,12.43736577113975,0.6108652381980303,15.000000000000176
89.1891891891892,0.525319438558241,-0.14560086001981012,0.13792190394363732,2.926744868706878,2.115418102195307,12.45117176755509,0.6108652381980306,15.000000000000181
89.28928928928929,0.52531943007039,-0.14560085771510392,0.13792190345893546,2.977445665189525,2.0952454151608,12.464977763921517,0.610865238198031,15.000000000000187
89.3893893893894,0.525319421718638,-0.14560085544735266,0.13792190298200568,3.028420125698778,2.075774602688446,12.47878376023982,0.6108652381980311,15.00000000000019
89.48948948948949,0.5253194135008042,-0.1456008532159641,0.1379219025127234,3.0796585215791312,2.0570093821037037,12.492589756510764,0.6108652381980312,15.00000000000019
89.5895895895896,0.5253194054147344,-0.14560085102035328,0.13792190205096558,3.1311511127141456,2.0389533211089557,12.506395752735115,0.6108652381980314,15.000000000000187
89.68968968968969,0.5253193974583209,-0.14560084885994795,0.13792190159661186,3.1828880730484417,2.021609863778441,12.520201748913616,0.6108652381980316,15.000000000000185
89.7897897897898,0.5253193896294903,-0.14560084673418516,0.1379219011495438,3.234859527383128,2.0049823197293675,12.534007745047,0.610865238198032,15.000000000000181
89.88988988988989,0.5253193819262003,-0.1456008446425103,0.13792190070964483,3.2870555640622836,1.9890738597503772,12.547813741135993,0.6108652381980321,15.00000000000018
89.98998998999,0.5253193743464388,-0.14560084258437708,0.13792190027680004,3.3394662349730164,1.9738875158015288,12.561619737181303,0.6108652381980322,15.000000000000178
90.09009009009009,0.5253193668882248,-0.14560084055924757,0.13792189985089626,3.3920815555454014,1.9594261810143145,12.57542573318363,0.610865238198032,15.000000000000176
90.1901901901902,0.5253193595496074,-0.1456008385665921,0.13792189943182212,3.444891504752546,1.9456926096916438,12.589231729143668,0.6108652381980316,15.000000000000176
90.29029029029029,0.5253193523286667,-0.14560083660588932,0.137921899019468,3.4978860251105237,1.932689417307859,12.603037725062089,0.6108652381980311,15.000000000000178
90.3903903903904,0.5253193452235135,-0.14560083467662627,0.13792189861372595,3.5510550226784368,1.920419080508721,12.616843720939569,0.6108652381980304,15.000000000000178
90.49049049049049,0.525319338232289,-0.14560083277829822,0.13792189821448989,3.60438836705836,1.908883937111422,12.630649716776759,0.6108652381980297,15.00000000000018
90.5905905905906,0.5253193313531654,-0.14560083091040885,0.13792189782165537,3.657875891395391,1.8980861861045735,12.64445571257431,0.6108652381980291,15.000000000000181
90.69069069069069,0.5253193245843452,-0.14560082907247007,0.1379218974351198,3.7115073923776087,1.8880278876482175,12.658261708332855,0.6108652381980285,15.000000000000181
90.7907907907908,0.5253193179240615,-0.14560082726400217,0.13792189705478225,3.765272630696017,1.878710962999494,12.67206770405302,0.6108652381980284,15.00000000000018
90.89089089089089,0.525319311370569,-0.14560082548453127,0.13792189668054305,3.8191613777421973,1.8701371860045175,12.68587369973542,0.6108652381980284,15.00000000000018
90.990990990991,0.5253193049221564,-0.14560082373359262,0.13792189631230453,3.873163365025836,1.8623081890814492,12.699679695380663,0.6108652381980283,15.000000000000181
91.09109109109109,0.5253192985771443,-0.1456008220107303,0.13792189594997073,3.927268281321876,1.855225466113104,12.71348569098934,0.6108652381980283,15.000000000000185
91.1911911911912,0.5253192923338783,-0.14560082031549498,0.1379218955934472,3.9814658051352056,1.848890367816298,12.72729168656204,0.6108652381980282,15.000000000000185
91.29129129129129,0.5253192861907281,-0.14560081864744417,0.13792189524264084,4.035745604700593,1.8433041017418572,12.741097682099335,0.6108652381980281,15.000000000000185
91.3913913913914,0.5253192801460886,-0.14560081700614194,0.13792189489745996,4.090097337982751,1.8384677322746106,12.754903677601796,0.6108652381980281,15.000000000000181
91.49149149149149,0.5253192741983793,-0.1456008153911591,0.1379218945578143,4.144510652676275,1.8343821806333955,12.76870967306998,0.610865238198028,15.000000000000176
91.5915915915916,0.525319268346044,-0.14560081380207318,0.13792189422361503,4.198975186205702,1.8310482248710531,12.782515668504438,0.610865238198028,15.000000000000167
91.69169169169169,0.5253192625875516,-0.14560081223846835,0.13792189389477466,4.253480565725453,1.8284664998744324,12.79632166390571,0.6108652381980281,15.000000000000158
91.7917917917918,0.5253192569213953,-0.14560081069993558,0.1379218935712072,4.308016408119894,1.8266374973643869,12.81012765927433,0.6108652381980281,15.000000000000147
91.89189189189189,0.5253192513460931,-0.1456008091860724,0.13792189325282803,4.362572320003267,1.8255615658957771,12.823933654610824,0.6108652381980282,15.000000000000137
91.991991991992,0.5253192458601879,-0.14560080769648315,0.1379218929395539,4.417137897719765,1.8252389108574685,12.837739649915706,0.6108652381980283,15.00000000000013
92.09209209209209,0.5253192404622469,-0.14560080623077878,0.137921892631303,4.471702727343459,1.8256695944723336,12.85154564518948,0.6108652381980284,15.000000000000126
92.1921921921922,0.5253192351508598,-0.14560080478857634,0.13792189232799482,4.526256399242801,1.8268535360578866,12.865351640432648,0.6108652381980284,15.000000000000128
92.29229229229229,0.5253192299246339,-0.14560080336949774,0.13792189202954977,4.580788545978992,1.8287905106747353,12.8791576356457,0.6108652381980282,15.000000000000126
92.3923923923924,0.5253192247822083,-0.1456008019731734,0.13792189173589017,4.635288755603978,1.8314801470172584,12.892963630829122,0.610865238198028,15.00000000000012
92.49249249249249,0.5253192197222432,-0.14560080059923952,0.1379218914469395,4.689746625718317,1.8349219309621652,12.906769625983381,0.6108652381980277,15.000000000000115
92.5925925925926,0.5253192147434185,-0.14560079924733774,0.13792189116262243,4.744151770674639,1.839115205835593,12.920575621108949,0.6108652381980275,15.000000000000114
92.69269269269269,0.5253192098444339,-0.1456007979171149,0.13792189088286466,4.798493821577587,1.8440591724131046,12.934381616206283,0.6108652381980275,15.000000000000115
92.7927927927928,0.5253192050240089,-0.1456007966082233,0.1379218906075931,4.8527624262838716,1.8497528889196904,12.948187611275838,0.6108652381980276,15.00000000000012
92.89289289289289,0.5253192002808825,-0.1456007953203207,0.13792189033673577,4.906947249402215,1.856195271029765,12.961993606318057,0.6108652381980278,15.000000000000131
92.992992992993,0.5253191956138139,-0.14560079405307,0.13792189007022176,4.961037972293414,1.8633850918671735,12.975799601333382,0.6108652381980283,15.000000000000147
93.09309309309309,0.5253191910215819,-0.1456007928061397,0.13792188980798137,5.01502429307027,1.871320982005182,12.989605596322242,0.610865238198029,15.000000000000165
93.1931931931932,0.5253191865029848,-0.14560079157920347,0.13792188954994594,5.06889592659766,1.880001429466489,13.003411591285065,0.6108652381980295,15.000000000000185
93.29329329329329,0.525319182056841,-0.14560079037194051,0.13792188929604798,5.122642604492472,1.8894247797232142,13.017217586222264,0.6108652381980302,15.000000000000203
93.3933933933934,0.5253191776819885,-0.14560078918403527,0.13792188904622113,5.176254075123663,1.899589235696909,13.031023581134257,0.6108652381980307,15.000000000000217
93.49349349349349,0.5253191733772853,-0.14560078801517762,0.13792188880040016,5.229720103612198,1.9104928577585447,13.04482957602144,0.610865238198031,15.000000000000224
93.5935935935936,0.5253191691416053,-0.14560078686506187,0.13792188855852075,5.283030499039582,1.9221335693410222,13.058635570884219,0.610865238198031,15.000000000000222
93.69369369369369,0.5253191649738389,-0.14560078573338672,0.1379218883205196,5.336175125878202,1.93450915657644,13.072441565722979,0.6108652381980307,15.000000000000218
93.7937937937938,0.5253191608729015,-0.14560078461985765,0.1379218880863348,5.389143833797332,1.947617254379589,13.086247560538109,0.6108652381980304,15.000000000000213
93.89389389389389,0.5253191568377246,-0.14560078352418448,0.13792188785590523,5.441926514180918,1.9614553604899398,13.100053555329984,0.6108652381980302,15.00000000000021
93.993993993994,0.525319152867255,-0.14560078244608132,0.13792188762917076,5.494513102005227,1.9760208358967974,13.113859550098978,0.61086523819803,15.000000000000206
94.09409409409409,0.5253191489604557,-0.14560078138526655,0.13792188740607217,5.546893575838786,1.991310904839285,13.127665544845456,0.61086523819803,15.000000000000203
94.1941941941942,0.5253191451163055,-0.1456007803414629,0.13792188718655113,5.599057957842449,2.0073226548063614,13.141471539569782,0.6108652381980302,15.0000000000002
94.29429429429429,0.5253191413337988,-0.14560077931439727,0.13792188697055022,5.650996313769327,2.024053036536802,13.155277534272308,0.6108652381980305,15.0000000000002
94.3943943943944,0.5253191376119458,-0.145600778303801,0.13792188675801292,5.702698752964856,2.0414988640192195,13.169083528953387,0.6108652381980311,15.000000000000203
94.49449449449449,0.5253191339497726,-0.14560077730940957,0.13792188654888365,5.754155428366733,2.0596568144920426,13.18288952361336,0.6108652381980317,15.000000000000204
94.5945945945946,0.5253191303463212,-0.14560077633096283,0.13792188634310767,5.805356536504975,2.078523428443535,13.19669551825257,0.6108652381980325,15.000000000000208
94.69469469469469,0.525319126800649,-0.14560077536820493,0.13792188614063122,5.85629231750187,2.098095109611781,13.210501512871346,0.6108652381980332,15.000000000000211
94.7947947947948,0.5253191233118295,-0.1456007744208843,0.13792188594140142,5.906953055072013,2.1183681249846957,13.22430750747002,0.6108652381980337,15.000000000000215
94.89489489489489,0.5253191198789521,-0.14560077348875355,0.13792188574536626,5.95732907652228,2.1393386048000176,13.23811350204891,0.6108652381980341,15.000000000000218
94.994994994995,0.5253191165011184,-0.1456007725715689,0.1379218855524745,6.00741078173184,2.1610025545839804,13.251919496608338,0.610865238198034,15.000000000000218
95.09509509509509,0.5253191131774442,-0.14560077166909016,0.1379218853626755,6.057188647901384,2.1833558540779836,13.265725491148611,0.6108652381980337,15.000000000000215
95.1951951951952,0.5253191099070642,-0.1456007707810824,0.13792188517591988,6.106653167825129,2.2063942324978045,13.27953148567004,0.6108652381980334,15.00000000000021
95.29529529529529,0.5253191066891263,-0.14560076990731427,0.137921884992159,6.15579490212199,2.230113292684353,13.293337480172923,0.6108652381980332,15.000000000000206
95.3953953953954,0.5253191035227908,-0.14560076904755775,0.13792188481134485,6.204604480382175,2.2545085116060526,13.307143474657561,0.610865238198033,15.000000000000204
95.49549549549549,0.5253191004072305,-0.1456007682015882,0.13792188463343025,6.253072601167122,2.2795752403588128,13.320949469124242,0.6108652381980331,15.000000000000208
95.5955955955956,0.5253190973416311,-0.14560076736918456,0.13792188445836864,6.301190032009554,2.3053087041660554,13.334755463573257,0.6108652381980333,15.000000000000217
95.69569569569569,0.5253190943251905,-0.14560076655012902,0.13792188428611427,6.348947609413433,2.331704002378688,13.348561458004887,0.6108652381980336,15.00000000000023
95.7957957957958,0.5253190913571195,-0.14560076574420727,0.13792188411662207,6.396336238854004,2.3587561084751325,13.362367452419415,0.6108652381980343,15.000000000000247
95.89589589589589,0.5253190884366414,-0.14560076495120847,0.13792188394984767,6.443346894777746,2.386459870061295,13.376173446817111,0.610865238198035,15.000000000000266
95.995995995996,0.5253190855629921,-0.1456007641709251,0.13792188378574746,6.489970620602426,2.414810008870595,13.389979441198248,0.6108652381980357,15.000000000000286
96.09609609609609,0.5253190827354203,-0.14560076340315312,0.1379218836242785,6.536198528717043,2.4438011207639367,13.40378543556309,0.6108652381980365,15.000000000000306
96.1961961961962,0.5253190799531867,-0.1456007626476919,0.13792188346539866,6.582021800481887,2.4734276757297406,13.417591429911903,0.6108652381980371,15.00000000000032
96.29629629629629,0.5253190772155654,-0.1456007619043442,0.13792188330906638,6.62743168622848,2.5036840178839106,13.431397424244937,0.6108652381980374,15.000000000000325
96.3963963963964,0.5253190745218398,-0.14560076117291557,0.13792188315524084,6.672419534374542,2.5345643847639145,13.44520341856245,0.6108652381980373,15.000000000000323
96.49649649649649,0.5253190718713049,-0.1456007604532145,0.1379218830038817,6.716976788617579,2.5660629019523418,13.45900941286469,0.6108652381980371,15.000000000000318
96.5965965965966,0.5253190692632709,-0.14560075974505368,0.13792188285494958,6.761094939139355,2.598173552095576,13.472815407151902,0.6108652381980367,15.000000000000313
96.69669669669669,0.5253190666970579,-0.14560075904824857,0.13792188270840566,6.804765567360088,2.630890207113334,13.486621401424323,0.6108652381980364,15.000000000000307
96.7967967967968,0.5253190641719963,-0.1456007583626173,0.13792188256421167,6.847980346471454,2.6642066285668,13.500427395682193,0.6108652381980363,15.000000000000302
96.89689689689689,0.5253190616874265,-0.14560075768798078,0.13792188242232997,6.890731041436526,2.6981164676585916,13.514233389925744,0.6108652381980363,15.0000000000003
96.996996996997,0.525319059242699,-0.14560075702416264,0.13792188228272342,6.933009508989836,2.7326132652327937,13.528039384155207,0.6108652381980366,15.000000000000298
97.09709709709709,0.5253190568371741,-0.14560075637098924,0.13792188214535553,6.974807697637318,2.7676904517749237,13.541845378370807,0.6108652381980371,15.0000000000003
97.1971971971972,0.5253190544702225,-0.14560075572828962,0.13792188201019034,7.016117647656358,2.8033413474119686,13.555651372572767,0.6108652381980376,15.000000000000304
97.29729729729729,0.5253190521412249,-0.14560075509589568,0.1379218818771925,7.056931491095745,2.839559161912343,13.569457366761304,0.6108652381980384,15.000000000000309
97.3973973973974,0.5253190498495719,-0.14560075447364193,0.13792188174632727,7.097241451775725,2.8763369946859374,13.583263360936638,0.6108652381980393,15.000000000000314
97.49749749749749,0.5253190475946642,-0.14560075386136564,0.1379218816175604,7.137039845287946,2.913667834784068,13.597069355098975,0.6108652381980401,15.000000000000322
97.5975975975976,0.5253190453759126,-0.14560075325890684,0.1379218814908582,7.176319078995507,2.951544560899524,13.610875349248529,0.6108652381980406,15.000000000000327
97.69769769769769,0.525319043192738,-0.14560075266610828,0.13792188136618774,7.2150716520329095,2.989959941366518,13.6246813433855,0.6108652381980408,15.00000000000033
97.7977977977978,0.5253190410445688,-0.14560075208281473,0.13792188124351626,7.253290184693831,3.02890666302061,13.638487337510098,0.6108652381980407,15.00000000000033
97.89789789789789,0.5253190389308431,-0.14560075150887364,0.1379218811228117,7.2909674047800355,3.068377313389646,13.65229333162251,0.6108652381980405,15.000000000000327
97.997997997998,0.5253190368510108,-0.14560075094413563,0.13792188100404262,7.328096116917582,3.10836435283969,13.66609932572294,0.6108652381980402,15.000000000000323
98.09809809809809,0.5253190348045296,-0.14560075038845346,0.13792188088717808,7.364669236835545,3.1488601508805667,13.679905319811574,0.61086523819804,15.00000000000032
98.1981981981982,0.5253190327908656,-0.14560074984168214,0.13792188077218753,7.400679791427724,3.189856986228823,13.693711313888604,0.6108652381980398,15.00000000000032
98.29829829829829,0.5253190308094925,-0.1456007493036788,0.13792188065904096,7.436120918752596,3.2313470468076817,13.707517307954216,0.6108652381980398,15.000000000000325
98.3983983983984,0.5253190288598925,-0.14560074877430282,0.13792188054770876,7.470985868033357,3.273322429747087,13.721323302008592,0.6108652381980401,15.000000000000334
98.49849849849849,0.5253190269415555,-0.14560074825341568,0.13792188043816186,7.505267999657886,3.31577514138366,13.735129296051912,0.6108652381980406,15.000000000000346
98.5985985985986,0.5253190250539795,-0.1456007477408811,0.13792188033037156,7.538960785178781,3.358697097260744,13.748935290084358,0.6108652381980412,15.000000000000362
98.69869869869869,0.5253190231966708,-0.14560074723656496,0.13792188022430965,7.572057807313317,3.4020801221283556,13.762741284106097,0.610865238198042,15.000000000000382
98.7987987987988,0.5253190213691431,-0.14560074674033535,0.13792188011994844,7.604552759943492,3.4459159499432377,13.776547278117308,0.6108652381980427,15.0000000000004
98.89889889889889,0.5253190195709189,-0.14560074625206246,0.1379218800172606,7.6364394481159845,3.4901962238688053,13.790353272118153,0.6108652381980435,15.000000000000417
98.998998998999,0.5253190178015281,-0.14560074577161877,0.13792187991621935,7.66771178804219,3.534912496275197,13.804159266108805,0.6108652381980441,15.000000000000428
99.09909909909909,0.5253190160605091,-0.14560074529887887,0.1379218798167983,7.698363807115309,3.5800562287626088,13.817965260089421,0.6108652381980442,15.000000000000432
99.1991991991992,0.525319014347407,-0.14560074483371926,0.13792187971897146,7.728389664169516,3.625618819166478,13.831771254060168,0.6108652381980442,15.000000000000432
99.29929929929929,0.5253190126617743,-0.14560074437601844,0.13792187962271327,7.757783643222799,3.671591591522392,13.8455772480212,0.6108652381980443,15.000000000000433
99.3993993993994,0.5253190110031709,-0.1456007439256569,0.13792187952799856,7.786540138961848,3.717965778686428,13.859383241972676,0.6108652381980444,15.000000000000437
99.49949949949949,0.5253190093711637,-0.14560074348251703,0.13792187943480264,7.814653670171191,3.7647325413269788,13.873189235914744,0.6108652381980444,15.000000000000437
99.5995995995996,0.525319007765326,-0.14560074304648302,0.13792187934310113,7.842118879733234,3.811882967924803,13.88699522984756,0.6108652381980443,15.000000000000439
99.69969969969969,0.5253190061852381,-0.14560074261744083,0.13792187925287008,7.868930534628224,3.8594080747729738,13.90080122377127,0.6108652381980441,15.000000000000437
99.7997997997998,0.5253190046304868,-0.1456007421952783,0.13792187916408585,7.8950835259342815,3.9072988059769282,13.91460721768602,0.610865238198044,15.000000000000435
99.89989989989989,0.5253190031006655,-0.14560074177988508,0.1379218790767253,7.9205728688273735,3.9555460334544184,13.928413211591954,0.6108652381980438,15.000000000000433
100.0,0.5253190015953749,-0.14560074137115264,0.1379218789907655,7.945393702581341,4.004140556935568,13.942219205489215,0.6108652381980438,15.000000000000435
