time,u,v,r,x,y,ψ,δ,n_p
0.0,1.2,0.0,0.0,0.0,0.0,0.0,0.6108652381980153,15.0
0.1001001001001001,1.1980644184217268,-0.004498976540829412,0.010757155477610693,0.12002275688332027,-0.0001974633030711992,0.0005483366855107718,0.6108652381980153,15.0
0.2002002002002002,1.196181385935859,-0.009599298376822697,0.02044366941386155,0.2398553878371379,-0.0007485507464371037,0.0021179217628775663,0.6108652381980152,14.999999999999998
0.3003003003003003,1.1943246475696623,-0.015182056304204421,0.029269091899700925,0.3595037339922576,-0.0015914791610207092,0.00461247991769496,0.6108652381980151,14.999999999999995
0.4004004004004004,1.192467701103973,-0.021149474885921733,0.03739922484416439,0.47897200999925416,-0.0026645290274760684,0.007954438792980651,0.610865238198015,14.999999999999991
0.5005005005005005,1.1905845954627736,-0.027420284261239294,0.04496492925709637,0.5982626194121389,-0.0039058701304253646,0.012081010037420221,0.6108652381980151,14.999999999999993
0.6006006006006006,1.1886503653489213,-0.033926158034697056,0.05206900755547206,0.7173760347972441,-0.005253433184377446,0.016941048854956765,0.6108652381980151,14.999999999999998
0.7007007007007007,1.1866412648647793,-0.04060893167597229,0.05879163090651191,0.8363107167657264,-0.00664482901622289,0.022492528238037813,0.6108652381980151,14.999999999999993
0.8008008008008008,1.1845348977492363,-0.04741841192201828,0.06519466214920899,0.9550630570739902,-0.008017312480471606,0.028700497863868607,0.610865238198015,14.999999999999993
0.9009009009009009,1.182310301085351,-0.05431065230407741,0.07132512605219532,1.0736273377354841,-0.00930778748832106,0.035535431266645386,0.610865238198015,14.999999999999993
1.001001001001001,1.1799480142648329,-0.0612466048035177,0.07721801812438177,1.1919957022624352,-0.010452849891863857,0.04297188599330785,0.610865238198015,14.999999999999993
1.1011011011011012,1.1774301491974828,-0.06819108009909473,0.08289859799897711,1.3101581377616816,-0.01138886566095021,0.05098741816090352,0.610865238198015,14.999999999999996
1.2012012012012012,1.1747404679106308,-0.07511196339014971,0.08838427982100644,1.4281024681460412,-0.012052082308035532,0.05956170558877692,0.610865238198015,14.999999999999993
1.3013013013013013,1.1718644677211991,-0.08197964241157936,0.09368620715285984,1.5458143595881424,-0.012378771908787986,0.06867584320055346,0.610865238198015,14.999999999999993
1.4014014014014013,1.1687894705003667,-0.08876661216759452,0.09881057791404621,1.6632773398395952,-0.012305404135211888,0.07831178303430428,0.6108652381980147,14.999999999999991
1.5015015015015014,1.1655047102246792,-0.09544722610143727,0.10375976547577204,1.7804728330115336,-0.011768846694201864,0.08845189818993646,0.6108652381980151,14.999999999999998
1.6016016016016017,1.162001412404527,-0.10199756158706848,0.10853328024002507,1.8973802112343066,-0.010706590146400075,0.09907864935751017,0.6108652381980151,14.999999999999998
1.7017017017017018,1.158272859451308,-0.10839537540149817,0.11312860197109946,2.0139768646251315,-0.009056995144146473,0.11017433867215881,0.6108652381980151,15.0
1.8018018018018018,1.1543144349436405,-0.11462013080436112,0.11754188929410055,2.1302382909185757,-0.006759557664226243,0.12172094474004526,0.6108652381980149,14.99999999999999
1.901901901901902,1.1501236421323893,-0.1206530667516672,0.1217685850926229,2.2461382031132273,-0.003755183217530095,0.13370002271332865,0.6108652381980151,15.0
2.002002002002002,1.1457000935429156,-0.1264772909392407,0.12580394743565826,2.361648657315279,1.3528168330288439e-5,0.14609265545221486,0.6108652381980151,14.999999999999998
2.1021021021021022,1.1410454671385613,-0.1320778886764912,0.1296434709265626,2.4767401999033076,0.004601997066664376,0.1588794627709324,0.6108652381980151,14.999999999999996
2.2022022022022023,1.1361634331965231,-0.1374420149977872,0.13328324285519774,2.5913820265811305,0.010063391213328237,0.17204063840791473,0.610865238198015,14.999999999999995
2.3023023023023024,1.1310595442910774,-0.14255897557097888,0.13672022292200556,2.70554216442355,0.016448352729209716,0.1855560266996694,0.610865238198015,14.999999999999995
2.4024024024024024,1.1257411029948456,-0.14742027702830457,0.1399524316306734,2.81918765627318,0.02380475750852427,0.19940522068358535,0.610865238198015,14.999999999999996
2.5025025025025025,1.120216997564487,-0.15201963813221692,0.14297910268601696,2.9322847621599477,0.03217748723122425,0.21356767173391403,0.610865238198015,14.999999999999996
2.6026026026026026,1.1144975216522124,-0.1563529738032965,0.14580073088219234,3.044799162772017,0.041608236206493704,0.22802282265633816,0.610865238198015,14.999999999999996
2.7027027027027026,1.1085941779011286,-0.16041832625933042,0.14841911361404728,3.1566961631976707,0.052135351733194356,0.2427502240425839,0.610865238198015,14.999999999999996
2.8028028028028027,1.1025194691022053,-0.16421577622153313,0.15083728952372308,3.2679409033204885,0.0637937034418402,0.25772967728438456,0.610865238198015,14.999999999999996
2.9029029029029028,1.0962866932231123,-0.16774730581265299,0.15305949658213813,3.378498550390492,0.07661460130310997,0.2729413394956839,0.610865238198015,14.999999999999996
3.003003003003003,1.0899097293863698,-0.17101664869032399,0.15509103625081613,3.48833450167223,0.09062573684568856,0.2883658560468537,0.6108652381980151,14.999999999999998
3.103103103103103,1.0834028452357691,-0.17402910786146583,0.1569381801483949,3.597414554942174,0.10585117810793612,0.3039844424345461,0.6108652381980152,14.999999999999998
3.2032032032032034,1.0767804985444183,-0.176791368031953,0.1586079946000269,3.7057050908355875,0.12231138255709498,0.3197789934009462,0.6108652381980152,15.000000000000002
3.3033033033033035,1.0700571726129207,-0.17931129475028956,0.1601082264453099,3.8131732131414555,0.14002326094512882,0.33573213579429967,0.6108652381980151,15.0
3.4034034034034035,1.0632472083188595,-0.18159773524502307,0.16144711813787754,3.9197869020554785,0.15900025333247425,0.3518273085141106,0.6108652381980151,14.999999999999996
3.5035035035035036,1.0563646764114234,-0.1836603223006352,0.1626332969026573,4.025515119780909,0.17925244884815797,0.3680487854843162,0.6108652381980151,14.999999999999996
3.6036036036036037,1.049423247610309,-0.1855092861303023,0.16367560250281935,4.130327930218091,0.20078671062233563,0.3843817263735225,0.6108652381980151,14.999999999999996
3.7037037037037037,1.0424361044043353,-0.18715528001050852,0.16458299563060702,4.234196568765024,0.22360683622921687,0.40081217240782663,0.6108652381980151,14.999999999999996
3.803803803803804,1.035415850167931,-0.1886092184629261,0.1653644113222812,4.337093528101273,0.24771371490144922,0.41732707168761773,0.6108652381980152,14.999999999999998
3.903903903903904,1.02837445827673,-0.18988213439196372,0.1660286944282484,4.4389925938714,0.27310551353716594,0.4339142526534308,0.6108652381980153,14.999999999999998
4.004004004004004,1.0213232164000798,-0.19098505100486043,0.16658448369087067,4.539868899382169,0.2997778499732576,0.4505624297256372,0.6108652381980153,15.000000000000002
4.104104104104104,1.0142727076777742,-0.19192887382807125,0.16704017559417875,4.63969893094288,0.3277239910030361,0.4672611601810526,0.6108652381980152,15.0
4.2042042042042045,1.007232783776258,-0.19272429728527515,0.16740383875672943,4.738460556050841,0.35693502802914895,0.48400083594512733,0.6108652381980151,14.999999999999996
4.3043043043043046,1.0002125712244647,-0.19338173017696508,0.16768320246954954,4.836133003775694,0.38740007602387855,0.5007726299761168,0.6108652381980151,14.999999999999995
4.404404404404405,0.9932204663472067,-0.19391123383663392,0.1678855989595753,4.9326968711934,0.4191064408897377,0.5175684788182043,0.6108652381980151,14.999999999999996
4.504504504504505,0.9862641592852637,-0.19432247644650247,0.16801796930629337,5.0281340854409535,0.4520398115681621,0.5343810245950993,0.6108652381980151,14.999999999999995
4.604604604604605,0.9793506446999369,-0.1946246976895554,0.16808683111256503,5.122427892320371,0.4861844116463908,0.5512035910886873,0.6108652381980151,14.999999999999995
4.704704704704705,0.9724862562388369,-0.19482668597003858,0.16809829283022099,5.215562807446067,0.5215231788965091,0.5680301273239127,0.6108652381980151,14.999999999999995
4.804804804804805,0.9656766885810016,-0.19493676379702887,0.1680580449955808,5.307524589254871,0.5580378985553537,0.5848551777591124,0.6108652381980151,14.999999999999995
4.904904904904905,0.9589270353204519,-0.19496278172420348,0.16797137415543847,5.39830018753792,0.595709363837314,0.601673833438947,0.6108652381980151,14.999999999999995
5.005005005005005,0.9522418202980092,-0.19491211955198987,0.16784317614781097,5.487877700772823,0.6345174944371054,0.6184816950173065,0.6108652381980151,14.999999999999995
5.105105105105105,0.9456250321608082,-0.1947916905194614,0.16767796302161533,5.576246330660017,0.6744414699997512,0.6352748365661606,0.6108652381980151,14.999999999999995
5.205205205205205,0.9390801641730734,-0.19460795504705194,0.167479894836079,5.663396323341518,0.7154598404924338,0.6520497608062016,0.6108652381980151,14.999999999999995
5.305305305305305,0.932610241622645,-0.19436692955140947,0.16725277934009827,5.749318934296217,0.757550628036418,0.668803376044952,0.6108652381980151,14.999999999999995
5.405405405405405,0.9262178663358367,-0.19407420902168646,0.16700011165646733,5.8340063594692175,0.8006914313158507,0.6855329487370074,0.6108652381980151,14.999999999999995
5.505505505505505,0.9199052400150477,-0.19373497902455544,0.1667250771908044,5.917451703488776,0.8448595002771027,0.7022360854149234,0.6108652381980151,14.999999999999995
5.605605605605605,0.9136742045116719,-0.19335404035442208,0.16643058195265367,5.9996489165738165,0.8900318283244623,0.7189106941303705,0.6108652381980151,14.999999999999995
5.7057057057057055,0.9075262688081122,-0.1929358271078168,0.16611927112481872,6.080592751778636,0.9361852127781104,0.7355549600926694,0.6108652381980151,14.999999999999995
5.8058058058058055,0.9014626361310939,-0.192484425616001,0.16579354001848307,6.160278723381349,0.9832963234610931,0.7521673245879004,0.6108652381980151,14.999999999999995
5.905905905905906,0.8954842382525364,-0.19200360050470294,0.1654555665282156,6.238703047534413,1.031341762156378,0.7687464520121678,0.610865238198015,14.999999999999995
6.006006006006006,0.8895917523889489,-0.19149680814815298,0.16510731463852263,6.31586261578866,1.0802981061074648,0.7852912188805596,0.610865238198015,14.999999999999995
6.106106106106106,0.883785632261883,-0.1909672223747892,0.16475055954114812,6.391754940050839,1.1301419622423408,0.801800686556072,0.6108652381980153,14.999999999999998
6.206206206206206,0.8780661284868944,-0.19041775222974394,0.16438690426924235,6.466378115354231,1.1808500001678237,0.8182740836335061,0.6108652381980152,14.999999999999998
6.306306306306307,0.8724333049280327,-0.18985105669895447,0.16401778518745405,6.539730791402732,1.2323989882637436,0.8347107952270367,0.6108652381980152,14.999999999999996
6.406406406406407,0.8668870655972022,-0.1892695695682916,0.1636444973524901,6.611812120186668,1.2847658287190227,0.851110338794926,0.6108652381980152,14.999999999999991
6.506506506506507,0.8614271663972068,-0.18867551088445614,0.16326820104958437,6.682621733409759,1.3379275774683692,0.8674723556824273,0.6108652381980151,14.999999999999991
6.606606606606607,0.8560532310546051,-0.18807090264394435,0.1628899310525291,6.752159711211454,1.391861470716244,0.8837965995124738,0.610865238198015,14.999999999999993
6.706706706706707,0.8507647714767959,-0.18745758935358434,0.16251061596345023,6.820426539406558,1.4465449454577972,0.9000829183144687,0.610865238198015,14.999999999999993
6.806806806806807,0.8455611953737702,-0.1868372462028549,0.1621310814496738,6.887423093499492,1.5019556520019899,0.9163312496604015,0.610865238198015,14.999999999999993
6.906906906906907,0.8404418197078464,-0.18621139335967057,0.16175205957085093,6.9531506095273725,1.558071470992411,0.9325416104696498,0.610865238198015,14.999999999999993
7.007007007007007,0.8354058861224392,-0.18558141283179105,0.16137420307025263,7.017610649178632,1.6148705246317916,0.9487140839112624,0.610865238198015,14.999999999999993
7.107107107107107,0.8304525662633173,-0.18494855464728693,0.16099808786867198,7.080805087261719,1.6723311837112003,0.9648488159833952,0.610865238198015,14.999999999999993
7.207207207207207,0.8255809713374195,-0.18431394774328433,0.16062421990799908,7.142736088950775,1.7304320770982207,0.980946008270577,0.610865238198015,14.999999999999993
7.307307307307307,0.8207901648483775,-0.18367861497079357,0.160253046495644,7.203406078742714,1.7891520970474803,0.997005907536313,0.610865238198015,14.999999999999993
7.407407407407407,0.8160791664188846,-0.1830434778719875,0.1598849587116315,7.262817730388062,1.848470401894201,1.0130288030349917,0.610865238198015,14.999999999999993
7.5075075075075075,0.8114469572860394,-0.18240936335229413,0.15952029537092907,7.320973952169808,1.9083664206618167,1.0290150222927497,0.610865238198015,14.999999999999993
7.607607607607608,0.8068924909828011,-0.18177701725361423,0.15915935207188817,7.377877858698207,1.9688198536749455,1.044964922738685,0.610865238198015,14.999999999999993
7.707707707707708,0.8024146967519777,-0.18114710887560093,0.1588023837364726,7.433532761445242,2.029810672703714,1.060878889200921,0.6108652381980151,14.999999999999993
7.807807807807808,0.7980124824771125,-0.18052023486695015,0.15844960722562915,7.487942159233953,2.0913191219939518,1.0767573313372558,0.6108652381980154,14.999999999999998
7.907907907907908,0.7936847411951612,-0.17989692804976742,0.15810120688820586,7.541109719380374,2.153325716323055,1.0926006785125089,0.6108652381980156,15.000000000000004
8.008008008008009,0.7894303563988369,-0.17927766499183181,0.1577573382369539,7.593039262127541,2.215811238399544,1.1084093761712532,0.6108652381980159,15.000000000000007
8.108108108108109,0.7852482033898043,-0.1786628680865273,0.1574181293567665,7.643734755532486,2.2787567375261513,1.1241838845836538,0.6108652381980159,15.000000000000005
8.208208208208209,0.7811371515031481,-0.17805290858502515,0.1570836843121811,7.693200307242582,2.342143527983902,1.1399246761039792,0.6108652381980156,15.000000000000004
8.308308308308309,0.777096069737862,-0.17744811542371094,0.15675408661250081,7.741440146452576,2.4059531826518095,1.1556322316447094,0.6108652381980156,15.000000000000004
8.408408408408409,0.7731238286394643,-0.17684877829179835,0.15642940023455723,7.788458617568525,2.470167530627502,1.1713070395728888,0.6108652381980156,15.000000000000004
8.508508508508509,0.7692193012571077,-0.17625514929911493,0.15610967154959404,7.83426017543755,2.5347686542080075,1.1869495942783128,0.6108652381980156,15.000000000000004
8.608608608608609,0.765381364581208,-0.17566744505564538,0.15579493255949503,7.878849379283178,2.599738885693736,1.2025603938071983,0.6108652381980156,15.000000000000004
8.70870870870871,0.7616089034158889,-0.17508585385647454,0.1554852019934799,7.922230878528521,2.6650607988890487,1.2181399382736788,0.6108652381980156,15.000000000000004
8.80880880880881,0.7579008112492829,-0.1745105373551792,0.15518048560865524,7.964409409361492,2.7307172069232455,1.2336887294691985,0.6108652381980156,15.000000000000004
8.90890890890891,0.7542559907562492,-0.1739416316690301,0.15488077790862254,8.005389791349234,2.7966911585279353,1.2492072697066618,0.6108652381980156,15.000000000000004
9.00900900900901,0.7506733544606847,-0.17337924827309817,0.154586065728413,8.045176923585936,2.8629659342387983,1.2646960594551853,0.6108652381980156,15.000000000000004
9.10910910910911,0.7471518270827296,-0.17282347940204226,0.15429632755254372,8.083775774668585,2.929525037458237,1.2801555972561334,0.6108652381980156,15.000000000000004
9.20920920920921,0.743690346301059,-0.17227439992064583,0.1540115334675684,8.12119137898354,2.996352190833998,1.2955863795980729,0.6108652381980156,15.000000000000004
9.30930930930931,0.7402878628520658,-0.17173206768498328,0.15373164578458218,8.157428835625515,3.063431334394769,1.3109889005300441,0.6108652381980156,15.000000000000004
9.40940940940941,0.7369433408175784,-0.1711965240730637,0.15345662341615934,8.192493305026414,3.130746619494959,1.3263636489381805,0.6108652381980156,15.000000000000004
9.50950950950951,0.733655758529928,-0.17066779651993277,0.15318642114500056,8.226390004576716,3.1982824035236743,1.3417111088183382,0.6108652381980156,15.000000000000004
9.60960960960961,0.730424109397539,-0.17014590156058895,0.15292098843330595,8.259124203185259,3.2660232421272357,1.3570317599094863,0.6108652381980156,15.000000000000004
9.70970970970971,0.7272474019278572,-0.16963084492903327,0.152660269441971,8.290701221069993,3.3339538888533102,1.3723260776810178,0.6108652381980156,15.000000000000004
9.80980980980981,0.7241246597434562,-0.16912262201536674,0.1524042053849121,8.321126427880236,3.4020592898042197,1.3875945319397172,0.6108652381980156,15.000000000000004
9.90990990990991,0.7210549217499831,-0.1686212179235352,0.1521527378761401,8.35040524130648,3.470324580128026,1.4028375847223884,0.6108652381980156,15.000000000000004
10.01001001001001,0.7180372425388766,-0.16812661051435668,0.15190580569318649,8.378543122823745,3.538735075578074,1.4180556923346674,0.6108652381980156,15.000000000000004
10.11011011011011,0.7150706924583152,-0.16763877129864638,0.15166334432637968,8.405545576191999,3.6072762690333917,1.433249305670529,0.6108652381980156,15.000000000000004
10.21021021021021,0.7121543575987376,-0.16715766548313413,0.15142528609352252,8.431418147351359,3.6759338299959934,1.448418870152932,0.6108652381980156,15.000000000000004
10.31031031031031,0.7092873396634303,-0.1666832521018535,0.15119156376687384,8.456166423173338,3.744693598020117,1.4635648235929704,0.6108652381980156,15.000000000000004
10.41041041041041,0.7064687560876156,-0.16621548430259842,0.15096211174406068,8.479796030739786,3.8135415804757304,1.4786875954282448,0.6108652381980156,15.000000000000004
10.51051051051051,0.7036977398244397,-0.16575431152871167,0.15073686260649374,8.502312634988021,3.8824639442143694,1.4937876090871396,0.6108652381980156,15.000000000000004
10.61061061061061,0.7009734392927714,-0.16529967981137939,0.15051574694297512,8.523721938308874,3.9514470138940387,1.5088652821440527,0.6108652381980156,15.000000000000004
10.71071071071071,0.6982950183434976,-0.1648515318037954,0.150298693520057,8.544029680498912,4.020477271323827,1.5239210262331238,0.6108652381980156,15.000000000000004
10.81081081081081,0.6956616560532838,-0.1644098067153123,0.15008563316500712,8.563241638345302,4.08954134902155,1.5389552447540098,0.6108652381980156,15.000000000000004
10.91091091091091,0.6930725467633339,-0.1639744405542636,0.14987649908414866,8.58136362534404,4.158626028748009,1.5539683326552491,0.6108652381980156,15.000000000000004
11.01101101101101,0.6905268995156708,-0.1635453676330139,0.14967122342770256,8.598401490864214,4.227718234181612,1.5689606789031585,0.6108652381980156,15.000000000000004
11.11111111111111,0.6880239379694882,-0.16312252072456637,0.14946973716110307,8.614361120035806,4.2968050296651406,1.5839326666108828,0.6108652381980156,15.000000000000004
11.21121121121121,0.6855629003756534,-0.16270583107466335,0.1492719701501967,8.629248433766294,4.3658736198519,1.5988846729984378,0.6108652381980156,15.000000000000004
11.31131131131131,0.6831430393172262,-0.16229522829264156,0.14907785449039693,8.643069389013377,4.434911344015776,1.6138170674464214,0.6108652381980156,15.000000000000004
11.411411411411411,0.6807636217701817,-0.1618906403349692,0.1488873256077078,8.655829978768706,4.503905675035344,1.628730210764567,0.6108652381980156,15.000000000000004
11.511511511511511,0.6784239283439263,-0.1614919946154782,0.14870031846712967,8.66753623225011,4.5728442133756095,1.6436244579469117,0.6108652381980156,15.000000000000004
11.611611611611611,0.6761232531267047,-0.16109921816056139,0.14851676734049724,8.678194214968109,4.641714685515654,1.6585001583968138,0.6108652381980156,15.000000000000004
11.711711711711711,0.6738609036839485,-0.16071223760968645,0.14833660580906025,8.68781002872868,4.710504943932021,1.6733576559261474,0.6108652381980156,15.000000000000004
11.811811811811811,0.6716362007998489,-0.16033097915310263,0.14815976872691,8.696389812256497,4.7792029632230735,1.6881972876489464,0.6108652381980156,15.000000000000005
11.911911911911911,0.669448478563341,-0.15995536825976514,0.14798619528986667,8.703939741485078,4.847796838061699,1.7030193819978658,0.6108652381980157,15.000000000000007
12.012012012012011,0.6672970836562025,-0.15958533044741444,0.14781582497981263,8.710466030182754,4.916274779805542,1.7178242616060289,0.6108652381980157,15.000000000000005
12.112112112112111,0.66518137498426,-0.15922079152244956,0.14764859687664283,8.715974930423494,4.9846251137653965,1.7326122439193916,0.6108652381980156,15.000000000000002
12.212212212212211,0.6631007236773885,-0.1588616775799282,0.14748444965826457,8.720472732586897,5.052836279205208,1.7473836411967456,0.6108652381980157,14.999999999999998
12.312312312312311,0.6610545129816882,-0.1585079149880005,0.14732332209848617,8.723965765684493,5.120896828196129,1.7621387602470908,0.6108652381980159,15.0
12.412412412412412,0.6590421381052957,-0.15815943009403932,0.14716515702367802,8.726460398500093,5.188795421391325,1.7768778999974868,0.610865238198016,15.000000000000005
12.512512512512513,0.6570630060336488,-0.15781614949220316,0.14700989919695107,8.727963039679768,5.256520828079958,1.7916013528964532,0.6108652381980161,15.00000000000001
12.612612612612613,0.6551165347497147,-0.15747800042419485,0.14685749315360494,8.728480138993564,5.324061922260844,1.8063094066498029,0.6108652381980161,15.000000000000014
12.712712712712714,0.653202153195994,-0.15714491078978413,0.1467078831938927,8.728018187414849,5.391407682378815,1.8210023442434473,0.610865238198016,15.000000000000012
12.812812812812814,0.6513193012720495,-0.15681680914684576,0.1465610133866804,8.726583717127516,5.458547191308421,1.8356804439422465,0.6108652381980159,15.00000000000001
12.912912912912914,0.6494674295745179,-0.15649362459865762,0.1464168293809563,8.72418330266842,5.525469633632458,1.8503439782618765,0.6108652381980159,15.000000000000009
13.013013013013014,0.6476459995419889,-0.15617528657721613,0.14627528089732933,8.72082356131939,5.592164294583281,1.8649932123013166,0.6108652381980159,15.000000000000009
13.113113113113114,0.6458544827241941,-0.15586172525264116,0.14613631807279165,8.716511154088296,5.658620558413823,1.8796284063957411,0.6108652381980159,15.000000000000009
13.213213213213214,0.6440923604180372,-0.15555287162990492,0.14599989090119003,8.71125278648882,5.72482790675528,1.8942498166436497,0.6108652381980159,15.000000000000009
13.313313313313314,0.6423591236675928,-0.15524865754883188,0.1458659492332261,8.705055208540447,5.790775918617113,1.9088576949068676,0.6108652381980159,15.000000000000009
13.413413413413414,0.6406542732331076,-0.15494901567961686,0.14573444285812973,8.69792521487872,5.856454270212407,1.9234522887730836,0.6108652381980159,15.000000000000009
13.513513513513514,0.6389773193467886,-0.1546538793288815,0.14560532418044955,8.689869646298918,5.921852732349137,1.9380338399584256,0.6108652381980159,15.000000000000009
13.613613613613614,0.6373277818574551,-0.15436318239490174,0.1454785486489773,8.680895389637898,5.986961170658063,1.952602583945828,0.6108652381980159,15.000000000000009
13.713713713713714,0.6357051893943799,-0.15407685964904713,0.14535407176765622,8.671009379163086,6.051769543925358,1.9671587522805696,0.6108652381980159,15.000000000000009
13.813813813813814,0.6341090792064896,-0.15379484675712266,0.1452318489452323,8.660218596963448,6.116267903527464,1.9817025727422295,0.6108652381980159,15.000000000000009
13.913913913913914,0.6325389971623644,-0.15351708027936864,0.1451118354952543,8.648530072949477,6.180446393431088,1.9962342693446906,0.6108652381980159,15.000000000000009
14.014014014014014,0.6309944977068541,-0.15324349766142736,0.14499398676462869,8.635950885014363,6.2442952500267275,2.010754062274159,0.6108652381980159,15.000000000000009
14.114114114114114,0.6294751436546415,-0.15297403703425846,0.14487826084320404,8.622488160583103,6.307804800350842,2.0252621662425114,0.6108652381980159,15.000000000000009
14.214214214214214,0.6279805063149152,-0.15270863721836972,0.1447646183464282,8.608149076358753,6.370965462409623,2.0397587905495893,0.6108652381980159,15.000000000000009
14.314314314314315,0.6265101647029089,-0.15244723791311665,0.1446530198962209,8.592940859590138,6.433767744353793,2.0542441410679566,0.6108652381980159,15.000000000000009
14.414414414414415,0.6250637054251545,-0.15218977970356923,0.1445434260425802,8.576870788350515,6.496202244230324,2.0687184203475866,0.6108652381980159,15.000000000000009
14.514514514514515,0.6236407226794818,-0.15193620406051195,0.14443579726358233,8.559946191537584,6.558259649982431,2.0831818276158605,0.6108652381980159,15.000000000000009
14.614614614614615,0.6222408182315023,-0.15168645333595884,0.144330094022014,8.542174448947943,6.619930739416176,2.097634558752206,0.6108652381980159,15.000000000000009
14.714714714714715,0.6208636011952255,-0.1514404706025474,0.144226278952217,8.52356299260461,6.681206379397587,2.1120768049774052,0.6108652381980159,15.000000000000009
14.814814814814815,0.6195086882348236,-0.1511981996094547,0.1441243173499394,8.50411930663661,6.742077525785575,2.1265087524253286,0.6108652381980159,15.000000000000009
14.914914914914915,0.6181757028422629,-0.15095958493965797,0.14402417458866765,8.483850928084713,6.802535223612341,2.140930584147597,0.6108652381980159,15.000000000000009
15.015015015015015,0.616864275174785,-0.15072457201585007,0.14392581598020568,8.462765447226214,6.862570607004156,2.1553424802808356,0.6108652381980159,15.000000000000009
15.115115115115115,0.6155740420549085,-0.15049310710043934,0.143829206774675,8.440870507574942,6.922174899181365,2.1697446180466744,0.6108652381980159,15.000000000000009
15.215215215215215,0.6143046469704149,-0.1502651372955483,0.14373431216052834,8.41817380588128,6.9813394124584,2.184137171751745,0.6108652381980159,15.000000000000009
15.315315315315315,0.6130557398850256,-0.15004061046175918,0.14364109834723807,8.39468309279072,7.0400555483821305,2.1985203121745083,0.6108652381980156,15.000000000000002
15.415415415415415,0.6118269773972316,-0.149819475075753,0.14354953461329428,8.370406173422374,7.098314797326206,2.2128942051485003,0.6108652381980153,14.999999999999991
15.515515515515515,0.6106180223144431,-0.1496016803740684,0.14345959067306063,8.345350907295623,7.156108739153906,2.227259013464646,0.6108652381980153,14.999999999999991
15.615615615615615,0.6094285432824107,-0.1493871763688568,0.14337123618324252,8.319525208745382,7.213429043697486,2.2416148973681884,0.6108652381980157,15.000000000000005
15.715715715715715,0.6082582147852251,-0.14917591384788248,0.14328444074288715,8.292937046922097,7.270267470758188,2.2559620145586896,0.6108652381980164,15.000000000000027
15.815815815815816,0.607106717145317,-0.14896784437452254,0.14319917389338352,8.265594445791752,7.326615870106227,2.27030052019003,0.6108652381980169,15.000000000000043
15.915915915915916,0.6059737364769916,-0.1487629202760161,0.14311540526204372,8.237505484182954,7.382466181658883,2.284630566799022,0.6108652381980167,15.00000000000004
16.016016016016017,0.6048589645426343,-0.14856109449055344,0.14303310676145561,8.208678296425484,7.437810436307373,2.298952302935338,0.6108652381980167,15.000000000000037
16.116116116116117,0.6037620989075377,-0.1483623205951784,0.14295225200470832,8.179121072381419,7.4926407552380265,2.3132658734559093,0.6108652381980167,15.000000000000036
16.216216216216218,0.6026828423173439,-0.14816655287448866,0.1428728145750736,8.148842057246384,7.546949351681938,2.3275714209492784,0.6108652381980169,15.000000000000036
16.316316316316318,0.6016209026215386,-0.14797374631793678,0.14279476799979654,8.117849551562752,7.6007285311639325,2.341869085789452,0.610865238198017,15.000000000000034
16.416416416416418,0.6005759927734501,-0.1477838566198303,0.14271808575009579,8.086151911219643,7.653970691502565,2.3561590061358997,0.610865238198017,15.000000000000034
16.516516516516518,0.5995478308302505,-0.14759684017933172,0.1426427412411633,8.053757547452918,7.706668322810118,2.370441317933557,0.610865238198017,15.000000000000034
16.616616616616618,0.5985361398578106,-0.14741265407010784,0.14256870822836143,8.020674926724064,7.75881400820101,2.384716154698674,0.610865238198017,15.000000000000034
16.716716716716718,0.5975406479183792,-0.1472312558995956,0.14249596297012537,7.986912571013166,7.810400424806292,2.398983646100395,0.610865238198017,15.000000000000034
16.816816816816818,0.5965610880453677,-0.14705260389028185,0.14242448258061877,7.952479057851779,7.861420343117292,2.4132439190429844,0.610865238198017,15.000000000000034
16.916916916916918,0.5955971977429081,-0.14687665690008045,0.14235424411294817,7.917383019438187,7.911866629353803,2.4274970985067386,0.610865238198017,15.000000000000034
17.017017017017018,0.5946487189687528,-0.14670337442085757,0.1422852245654381,7.881633142609144,7.961732245562299,2.4417433075521187,0.610865238198017,15.000000000000034
17.117117117117118,0.5937153981342742,-0.14653271657843162,0.142217400881631,7.845238168839877,8.011010249615934,2.4559826673197516,0.610865238198017,15.000000000000034
17.217217217217218,0.5927969861044652,-0.14636464413257336,0.14215074995028726,7.808206894244088,8.05969379521454,2.4702152970304305,0.610865238198017,15.000000000000034
17.31731731731732,0.5918932381049534,-0.1461991184482746,0.14208524898673425,7.770548169106894,8.107776132911512,2.4844413137785284,0.610865238198017,15.000000000000034
17.41741741741742,0.5910039137223809,-0.14603610137436432,0.1420208774803135,7.732270897711815,8.155250611579353,2.4986608312433156,0.610865238198017,15.000000000000034
17.51751751751752,0.5901287768965164,-0.145875555316831,0.14195761563953982,7.693384038793399,8.202110677245198,2.512873960708658,0.610865238198017,15.000000000000034
17.61761761761762,0.5892675954609228,-0.14571744324939448,0.14189544361324682,7.653896603672559,8.248349876123765,2.52708081179671,0.610865238198017,15.000000000000034
17.71771771771772,0.5884201411282843,-0.14556172871210987,0.14183434149727506,7.613817656190647,8.29396185473858,2.541281492470599,0.610865238198017,15.000000000000034
17.81781781781782,0.5875861894904062,-0.1454083758113676,0.14177428933447192,7.573156312709452,8.33894035992199,2.555476109034423,0.610865238198017,15.000000000000034
17.91791791791792,0.5867655200182147,-0.14525734921989336,0.14171526711469168,7.531921742111202,8.383279238815156,2.569664766133251,0.610865238198017,15.000000000000034
18.01801801801802,0.5859579160189696,-0.14510861416658005,0.14165725490240927,7.490123165384346,8.426972439445036,2.5838475666892595,0.610865238198017,15.000000000000034
18.11811811811812,0.5851631645260719,-0.14496213633106064,0.14160023451156922,7.447769853934737,8.470014013689593,2.5980246108433867,0.610865238198017,15.000000000000034
18.21821821821822,0.5843810564879054,-0.14481788187549247,0.14154418888864356,7.404871131717981,8.512398114658364,2.6121959962647043,0.610865238198017,15.000000000000034
18.31831831831832,0.5836113862832835,-0.14467581746964325,0.14148910093365016,7.361436372006153,8.554119000330402,2.6263618191623426,0.610865238198017,15.000000000000034
18.41841841841842,0.582853951663078,-0.14453591028685642,0.14143495349626786,7.317474996915992,8.595171034145249,2.6405221743162084,0.610865238198017,15.000000000000034
18.51851851851852,0.5821085537502204,-0.144398128004051,0.14138172937583662,7.272996477408906,8.635548685002922,2.654677155076987,0.610865238198017,15.000000000000034
18.61861861861862,0.5813749970397011,-0.14426243880172174,0.14132941132135732,7.228010333290968,8.675246527263925,2.6688268533661432,0.610865238198017,15.000000000000034
18.71871871871872,0.5806530893985694,-0.14412881136393899,0.1412779820314919,7.18252613321292,8.714259240749241,2.6829713596759173,0.610865238198017,15.000000000000034
18.81881881881882,0.5799426419247337,-0.14399721483135064,0.14122742483018264,7.136553492146268,8.752581613448713,2.6971107626875224,0.610865238198017,15.000000000000034
18.91891891891892,0.5792434691072454,-0.1438676187393715,0.14117772485906163,7.090102072434053,8.790208541302075,2.711245148396067,0.610865238198017,15.000000000000034
19.01901901901902,0.5785553886357981,-0.14373999307835839,0.1411288674545663,7.043181583224109,8.827135028198137,2.72537460127629,0.610865238198017,15.000000000000034
19.11911911911912,0.5778782211248625,-0.14361430828484634,0.1410808379062728,6.9958017771532015,8.863356189003627,2.7394992045754925,0.610865238198017,15.000000000000034
19.21921921921922,0.5772117901136601,-0.14349053524154498,0.14103362145692852,6.947972450346652,8.898867249563548,2.7536190403135254,0.610865238198017,15.000000000000034
19.31931931931932,0.5765559220661627,-0.1433686452773386,0.14098720330245182,6.89970344241833,8.93366354670119,2.7677341892827934,0.610865238198017,15.000000000000034
19.41941941941942,0.5759104463710933,-0.14324861016728607,0.14094156859193224,6.851004636470664,8.967740528218124,2.7818447310482517,0.610865238198017,15.000000000000034
19.51951951951952,0.5752751953362512,-0.14313040213167805,0.14089670243771207,6.8018859589679,9.001093752990352,2.79595074394339,0.610865238198017,15.000000000000034
19.61961961961962,0.5746500040282729,-0.14301399377431406,0.1408525908629438,6.752357375032536,9.033718894871924,2.8100523045133023,0.610865238198017,15.000000000000034
19.71971971971972,0.5740347105229869,-0.14289935806595752,0.14080922127886009,6.702428892670699,9.06561174015368,2.8241494870713764,0.610865238198017,15.000000000000034
19.81981981981982,0.5734291555838245,-0.14278646838011042,0.14076658112894752,6.652110559133188,9.096768189621987,2.8382423647551236,0.610865238198017,15.000000000000034
19.91991991991992,0.5728331825044769,-0.14267529848433425,0.1407246578140485,6.601412458030533,9.127184260595868,2.8523310096512415,0.610865238198017,15.000000000000034
20.02002002002002,0.5722466371088955,-0.14256582254025005,0.14068343869236125,6.550344709332996,9.15685608692698,2.8664154927956123,0.610865238198017,15.000000000000034
20.12012012012012,0.5716693677512914,-0.14245801510353834,0.1406429110794399,6.498917469370568,9.185779918999632,2.8804958841733055,0.610865238198017,15.000000000000034
20.22022022022022,0.5711012253161363,-0.14235185112393917,0.14060306224819447,6.447140930832978,9.213952123730767,2.8945722527185733,0.610865238198017,15.000000000000034
20.32032032032032,0.5705420632173609,-0.1422473059451331,0.14056387943004292,6.3950253227449885,9.24136918458393,2.9086446663144643,0.610865238198017,15.000000000000034
20.42042042042042,0.5699917372515738,-0.14214435525901703,0.140525350501533,6.342580904678428,9.2680277051174,2.9227131914016122,0.610865238198017,15.000000000000034
20.52052052052052,0.5694501058057252,-0.14204297507870609,0.1404874646921575,6.289817970653128,9.293924407536728,2.936777892401632,0.610865238198017,15.000000000000034
20.62062062062062,0.5689170296495172,-0.1419431417755574,0.1404502113010437,6.236746847188271,9.319056133133305,2.9508388326726904,0.610865238198017,15.000000000000034
20.72072072072072,0.5683923717350892,-0.14184483206781515,0.14041357958930267,6.183377888205699,9.343419844964751,2.964896074676353,0.610865238198017,15.000000000000034
20.82082082082082,0.5678759971970179,-0.14174802302061065,0.14037755878002914,6.12972147502991,9.367012627854907,2.9789496799775805,0.610865238198017,15.000000000000034
20.92092092092092,0.5673677733523175,-0.14165269204596237,0.14034213805830167,6.075788016388055,9.389831688393844,2.992999709244733,0.610865238198017,15.000000000000034
21.02102102102102,0.5668675697004392,-0.14155881690277577,0.14030730657118257,6.021587948409944,9.411874354937856,3.007046222249565,0.610865238198017,15.000000000000034
21.12112112112112,0.5663752579232715,-0.1414663756968435,0.1402730534277178,5.967131734628041,9.433138077609467,3.02108927786723,0.610865238198017,15.000000000000034
21.22122122122122,0.5658907118310624,-0.1413753468689839,0.14023936785717564,5.912429863388332,9.45362042939975,3.0351289339950904,0.610865238198017,15.000000000000034
21.32132132132132,0.5654138073151721,-0.1412857091349644,0.1402062403380086,5.85749284177416,9.473319109421094,3.0491652468135695,0.610865238198017,15.000000000000034
21.42142142142142,0.5649444225171655,-0.14119744152569805,0.14017366181016103,5.802331205085777,9.492231938978858,3.063198271233441,0.610865238198017,15.000000000000034
21.52152152152152,0.5644824374803153,-0.14111052337903104,0.14014162316836604,5.746955506216607,9.510356865288395,3.0772280613991843,0.610865238198017,15.000000000000034
21.62162162162162,0.564027734123773,-0.14102493433702978,0.1401101152741487,5.691376314666602,9.52769196185863,3.091254670693,0.610865238198017,15.000000000000034
21.72172172172172,0.5635801962425679,-0.1409406543459809,0.14007912895582617,5.635604216542246,9.544235428492064,3.1052781517348094,0.610865238198017,15.000000000000034
21.82182182182182,0.5631397095076076,-0.1408576636563913,0.14004865500850747,5.579649814556553,9.55998559128477,3.119298556382257,0.610865238198017,15.000000000000034
21.92192192192192,0.5627061614656784,-0.14077594282298803,0.1400186841940937,5.523523728029066,9.574940902626397,3.1333159357307085,0.610865238198017,15.000000000000034
22.02202202202202,0.5622794415394446,-0.1406954727047184,0.1399892072412779,5.467236592885863,9.589099941200164,3.1473303401132506,0.610865238198017,15.000000000000034
22.12212212212212,0.5618594409400256,-0.1406162344441507,0.13996021513534618,5.410799055895044,9.60246141361472,3.161341818945317,0.610865238198017,15.000000000000034
22.22222222222222,0.5614460527193309,-0.14053820942698408,0.1399317000276822,5.3542217722038,9.615024155981567,3.1753504200845706,0.610865238198017,15.000000000000034
22.32232232232232,0.5610391718232507,-0.1404613793220115,0.13990365424647577,5.297515413517881,9.626787131315815,3.189356190471755,0.610865238198017,15.000000000000034
22.42242242242242,0.5606386948086747,-0.140385726064298,0.13987607008689817,5.240690655827374,9.637749432266936,3.2033591764027975,0.610865238198017,15.000000000000034
22.52252252252252,0.5602445198383492,-0.1403112318545303,0.13984893981566188,5.183758179136721,9.64791028118653,3.217359423528107,0.610865238198017,15.000000000000034
22.62262262262262,0.5598565466808775,-0.14023787915901684,0.13982225567102052,5.126728667464713,9.657269030128315,3.2313569768525734,0.610865238198017,15.000000000000034
22.72272272272272,0.5594746767107195,-0.14016565070968764,0.1397960098627689,5.069612808844496,9.665825160848138,3.2453518807355684,0.610865238198017,15.000000000000034
22.822822822822822,0.5590988129081919,-0.14009452950409446,0.13977019457224296,5.0124212953235645,9.673578284803963,3.2593441788909447,0.610865238198017,15.000000000000034
22.922922922922922,0.5587288598594684,-0.14002449880541068,0.13974480195231975,4.955164822963767,9.68052814315588,3.273333914387037,0.610865238198017,15.000000000000034
23.023023023023022,0.5583647237036471,-0.13995554213164774,0.1397198242667726,4.897854087573921,9.686674607345264,3.2873211295763327,0.610865238198017,15.000000000000034
23.123123123123122,0.5580063120936104,-0.1398876432121602,0.139695254770903,4.840499775668039,9.692017681125243,3.301305865515707,0.610865238198017,15.000000000000034
23.223223223223222,0.5576535343765303,-0.13982078602560533,0.1396710870213317,4.783112580745795,9.696557498451428,3.3152881623495447,0.610865238198017,15.000000000000034
23.323323323323322,0.5573063012896077,-0.13975495478389782,0.13964731453804144,4.72570318745619,9.700294324681815,3.329268059676682,0.610865238198017,15.000000000000034
23.423423423423422,0.5569645249382879,-0.1396901339296507,0.1396239308170447,4.668282270181416,9.703228556728874,3.3432455965517396,0.610865238198017,15.000000000000034
23.523523523523522,0.5566281187962603,-0.13962630813617538,0.13960092933038387,4.610860493036856,9.705360723059552,3.357220811485122,0.610865238198017,15.000000000000034
23.623623623623622,0.5562969977054585,-0.13956346230748148,0.13957830352613132,4.553448509871084,9.706691483695273,3.3711937424430194,0.610865238198017,15.000000000000034
23.723723723723722,0.5559710778760603,-0.13950158157827708,0.13955604682838915,4.496056964265863,9.707221630211931,3.3851644268474064,0.610865238198017,15.000000000000034
23.823823823823822,0.5556502768864876,-0.1394406513139685,0.13953415263728938,4.438696489536149,9.7069520857399,3.399132901576043,0.610865238198017,15.000000000000034
23.923923923923923,0.5553345136832283,-0.13938065711063388,0.13951261432921955,4.381377708714341,9.7058839049637,3.4130992029624,0.610865238198017,15.000000000000034
24.024024024024023,0.5550237084553046,-0.13932158476553538,0.13949142567953524,4.324111220779109,9.704018274204653,3.427063366564553,0.6108652381980167,15.000000000000028
24.124124124124123,0.5547177828140729,-0.13926342027394562,0.13947058126697107,4.266907610044814,9.701356512685695,3.441025426808438,0.6108652381980164,15.00000000000002
24.224224224224223,0.5544166597059137,-0.1392061498469229,0.13945007567817266,4.2097774477070065,9.697900071600634,3.4549854175660806,0.6108652381980162,15.00000000000001
24.324324324324323,0.5541202632366509,-0.13914975989464243,0.1394299034799194,4.152731278907991,9.693650533535342,3.4689433722530074,0.610865238198016,15.000000000000007
24.424424424424423,0.5538285186715525,-0.1390942370263963,0.13941005921912428,4.095779622736826,9.68860961246777,3.48289932382825,0.6108652381980161,15.00000000000001
24.524524524524523,0.5535413524353309,-0.13903956805059348,0.13939053742283414,4.038932972229319,9.682779153767932,3.4968533047943433,0.6108652381980165,15.000000000000021
24.624624624624623,0.5532586921121417,-0.13898573997475971,0.1393713325982294,3.9822017943680312,9.676161134197914,3.5108053471973255,0.6108652381980171,15.000000000000039
24.724724724724723,0.5529804664455854,-0.13893274000553765,0.1393524392326243,3.9255965300822786,9.668757661911876,3.524755482626737,0.6108652381980177,15.000000000000059
24.824824824824823,0.5527066053387057,-0.13888055554868683,0.13933385179346675,3.8691275942481256,9.660570976456043,3.5387037422156236,0.6108652381980183,15.000000000000075
24.924924924924923,0.5524370398539907,-0.13882917420908358,0.13931556472833836,3.8128053756883924,9.651603448768714,3.5526501566405333,0.6108652381980186,15.000000000000083
25.025025025025027,0.5521717021029653,-0.13877858376672808,0.13929757279180155,3.7566402226820568,9.641857579128201,3.5665947559474036,0.6108652381980186,15.00000000000008
25.125125125125127,0.551910525385203,-0.1387287721717076,0.13927987147049345,3.7006424498348998,9.63133599959128,3.5805375691997066,0.6108652381980186,15.000000000000078
25.225225225225227,0.5516534441687788,-0.13867972756449037,0.13926245625900818,3.6448223459226985,9.620041474251508,3.594478624979222,0.6108652381980185,15.000000000000076
25.325325325325327,0.5514003938982238,-0.13863143825616664,0.1392453226356818,3.5891901566650803,9.607976895946008,3.608417951486992,0.6108652381980184,15.000000000000073
25.425425425425427,0.5511513109944296,-0.13858389272843447,0.13922846606270078,3.5337560847153164,9.59514528625376,3.6223555765432893,0.6108652381980184,15.000000000000071
25.525525525525527,0.5509061328546478,-0.13853707963359976,0.13921188198610185,3.4785302896603203,9.581549795495603,3.6362915275876206,0.6108652381980183,15.00000000000007
25.625625625625627,0.5506647978524911,-0.13849098779457641,0.13919556583577217,3.4235228880206536,9.567193702734219,3.650225831678723,0.6108652381980183,15.00000000000007
25.725725725725727,0.5504272453379317,-0.13844560620488605,0.1391795130254492,3.368743953250519,9.552080415774157,3.6641585154945657,0.6108652381980183,15.00000000000007
25.825825825825827,0.5501934156373028,-0.13840092402865825,0.13916371895272076,3.314203515737764,9.536213471161815,3.67808960533235,0.6108652381980183,15.00000000000007
25.925925925925927,0.5499632500532979,-0.1383569306006304,0.13914817899902499,3.2599115628038766,9.51959653418545,3.69201912710851,0.6108652381980183,15.00000000000007
26.026026026026027,0.549736690843937,-0.13831361542249185,0.13913288856741046,3.2058780357733343,9.50223339795217,3.70594710634203,0.6108652381980183,15.00000000000007
26.126126126126128,0.5495136811150533,-0.1382709681301251,0.1391178436519873,3.1521128083667946,9.484127977526175,3.71987356781186,0.6108652381980183,15.00000000000007
26.226226226226228,0.5492941650782159,-0.13822897852765992,0.13910304055392092,3.0986257192230835,9.465284320968234,3.7337985356381127,0.6108652381980183,15.00000000000007
26.326326326326328,0.5490780878155642,-0.13818763657108804,0.1390884755386972,3.045426552334092,9.445706601607304,3.747722033617422,0.6108652381980183,15.00000000000007
26.426426426426428,0.5488653952257513,-0.1381469323613838,0.13907414485931813,2.9925250307972693,9.425399115908666,3.761644085230499,0.6108652381980183,15.00000000000007
26.526526526526528,0.5486560340239436,-0.1381068561445043,0.13906004475630193,2.9399308168156173,9.404366283473939,3.775564713642126,0.6108652381980183,15.00000000000007
26.626626626626628,0.5484499517418218,-0.13806739831138926,0.13904617145768286,2.887653511697696,9.382612647041075,3.7894839417011617,0.6108652381980183,15.00000000000007
26.726726726726728,0.5482470967275795,-0.13802854939796116,0.1390325211790114,2.835702655857621,9.360142872484358,3.8034017919405376,0.6108652381980183,15.00000000000007
26.826826826826828,0.5480474181459246,-0.13799030008512517,0.1390190901233542,2.7840877288150607,9.336961748814403,3.8173182865772612,0.6108652381980183,15.00000000000007
26.926926926926928,0.5478508659780785,-0.13795264119876915,0.13900587448129395,2.7328181491952463,9.313074188178165,3.8312334475124117,0.6108652381980183,15.00000000000007
27.027027027027028,0.547657391021776,-0.13791556370976366,0.13899287043092962,2.6819032747289553,9.288485225858919,3.8451472963311453,0.6108652381980183,15.00000000000007
27.127127127127128,0.5474669448793513,-0.13787905873191514,0.13898007415801344,2.6313524003277555,9.263200019315404,3.859059854293981,0.6108652381980183,15.00000000000007
27.227227227227228,0.5472794798406128,-0.13784311749225225,0.13896748233180548,2.581174732923437,9.237223836619004,3.8729711420608655,0.6108652381980183,15.00000000000007
27.32732732732733,0.5470949491298929,-0.1378077313624445,0.1389550919165656,2.5313794258608198,9.210562074834042,3.8868811797142113,0.6108652381980183,15.00000000000007
27.42742742742743,0.5469133067188476,-0.13777289184557515,0.13894289983572575,2.4819755628679183,9.183220250119888,3.90078998706793,0.6108652381980183,15.00000000000007
27.52752752752753,0.54673450725745,-0.13773859056691048,0.13893090300463926,2.4329721487586506,9.155203992822216,3.914697583674377,0.6108652381980183,15.00000000000007
27.62762762762763,0.5465585060739899,-0.13770481927389985,0.13891909833058075,2.384378109432837,9.126519047473012,3.92860398882435,0.6108652381980183,15.00000000000007
27.72772772772773,0.546385259175074,-0.13767156983617562,0.13890748271274625,2.3362022918762,9.097171272790572,3.942509221547087,0.6108652381980183,15.00000000000007
27.82782782782783,0.546214723245626,-0.13763883424555326,0.1388960530422531,2.2884534641603667,9.067166641679488,3.956413300610272,0.6108652381980183,15.00000000000007
27.92792792792793,0.5460468556488864,-0.13760660461603122,0.13888480620214005,2.241140315442864,9.036511241230675,3.970316244520029,0.6108652381980183,15.00000000000007
28.02802802802803,0.5458816144264128,-0.13757487318379105,0.1388737390673671,2.1942714559671264,9.005211272721345,3.984218071520924,0.6108652381980183,15.00000000000007
28.12812812812813,0.5457189582980795,-0.13754363230719732,0.1388628485048157,2.1478554170624857,8.973273051615022,3.998118799595968,0.6108652381980183,15.00000000000007
28.22822822822823,0.5455588466620777,-0.13751287446679772,0.1388521313732886,2.1019006511441822,8.940703007561538,4.0120184464666115,0.6108652381980183,15.00000000000007
28.32832832832833,0.5454012395420113,-0.13748259225490134,0.13884158465251578,2.0564155208787986,8.907507676771358,4.025917029526438,0.6108652381980183,15.00000000000007
28.42842842842843,0.5452460975867107,-0.1374527783623116,0.13883120583247105,2.011408288081078,8.873693696222928,4.039814565573987,0.6108652381980183,15.00000000000007
28.52852852852853,0.5450933822084296,-0.13742342560796109,0.13882099238967593,1.966887146540526,8.839267826549674,4.053711071113333,0.6108652381980183,15.00000000000007
28.62862862862863,0.5449430553886704,-0.1373945269143753,0.13881094178872852,1.9228601952161863,8.804236931167637,4.067606562434204,0.6108652381980183,15.00000000000007
28.72872872872873,0.544795079669931,-0.13736607530637415,0.13880105149172567,1.8793354368437667,8.768607975246534,4.081501055608977,0.6108652381980183,15.00000000000007
28.82882882882883,0.5446494181557061,-0.13733806391107214,0.13879131895826316,1.8363207779356334,8.732388025709767,4.09539456649268,0.6108652381980183,15.00000000000007
28.92892892892893,0.5445060345104866,-0.13731048595787815,0.13878174164543552,1.7938240287808185,8.69558425123443,4.109287110722988,0.6108652381980183,15.00000000000007
29.02902902902903,0.5443648929597594,-0.13728333477849555,0.13877231700783607,1.7518529034450112,8.658203922251296,4.123178703720229,0.6108652381980183,15.00000000000007
29.12912912912913,0.5442259582900079,-0.13725660380692228,0.138763042497557,1.7104150197705663,8.620254410944822,4.137069360687375,0.6108652381980183,15.00000000000007
29.22922922922923,0.5440891958487116,-0.13723028657945066,0.13875391556418928,1.6695178993764987,8.581743191253155,4.150959096610053,0.6108652381980183,15.00000000000007
29.32932932932933,0.5439545715443462,-0.13720437673466754,0.1387449336548227,1.629168967658487,8.542677838868123,4.164847926256534,0.6108652381980183,15.00000000000007
29.42942942942943,0.543822051846384,-0.13717886801345422,0.13873609421404587,1.589375553788867,8.503066031235237,4.178735864177742,0.6108652381980183,15.00000000000007
29.52952952952953,0.5436916037259972,-0.13715375424683407,0.13872739483514693,1.5501448770313973,8.462915534162379,4.192622924627804,0.6108652381980183,15.00000000000007
29.62962962962963,0.5435631946934215,-0.13712902935277949,0.13871883348640257,1.5114840440221466,8.42223420184734,4.2065091213929175,0.6108652381980183,15.00000000000007
29.72972972972973,0.5434367928707914,-0.13710468735598325,0.13871040807832724,1.4734000731904087,8.38102999980117,4.220394468058204,0.6108652381980183,15.00000000000007
29.82982982982983,0.543312366845658,-0.1370807223668453,0.1387021165211978,1.4358998715747082,8.339310980038174,4.2342789780284775,0.6108652381980183,15.00000000000007
29.92992992992993,0.5431898856688349,-0.13705712858110747,0.13869395672799492,1.3989902344125198,8.297085280656102,4.248162664527112,0.6108652381980183,15.00000000000007
30.03003003003003,0.5430693188543981,-0.1370339002798537,0.13868592661440327,1.3626778451402681,8.254361125836152,4.262045540596045,0.6108652381980183,15.00000000000007
30.13013013013013,0.542950636379686,-0.1370110318295099,0.13867802409881133,1.326969275393327,8.21114682584296,4.275927619095774,0.6108652381980183,15.00000000000007
30.23023023023023,0.5428338086852987,-0.13698851768184403,0.13867024710231152,1.2918709850060206,8.167450777024614,4.289808912705359,0.6108652381980183,15.00000000000007
30.33033033033033,0.5427188066750994,-0.136966352373966,0.13866259354870009,1.2573893220116228,8.123281461812649,4.303689433922422,0.6108652381980183,15.00000000000007
30.43043043043043,0.5426056017162132,-0.1369445305283278,0.13865506136447725,1.2235305226423574,8.078647448722036,4.317569195063145,0.6108652381980183,15.00000000000007
30.53053053053053,0.5424941656390274,-0.13692304685272333,0.13864764847884703,1.190300711329396,8.033557392351199,4.331448208262273,0.6108652381980183,15.00000000000007
30.63063063063063,0.5423844707371919,-0.13690189614028864,0.13864035282371737,1.1577059007028636,7.988020033382006,4.345326485473112,0.6108652381980183,15.00000000000007
30.73073073073073,0.5422764897149994,-0.13688107325875618,0.13863317245007192,1.1257519794124906,7.942044181887774,4.3592040384087865,0.6108652381980183,15.000000000000071
30.83083083083083,0.5421701957218056,-0.13686057314987118,0.13862610567471886,1.0944447106126014,7.895638718577465,4.373080878427074,0.6108652381980184,15.000000000000076
30.93093093093093,0.5420655624092303,-0.1368403908447987,0.13861915076932455,1.063789751816249,7.848812620658833,4.386957016720936,0.6108652381980184,15.000000000000082
31.03103103103103,0.5419625638129003,-0.13682052144604434,0.13861230600996233,1.0337926359809335,7.8015749333949085,4.400832464332358,0.6108652381980185,15.000000000000087
31.13113113113113,0.5418611743510905,-0.13680096012721657,0.13860556967879348,1.0044587712479307,7.753934769729894,4.414707232151739,0.6108652381980186,15.000000000000089
31.23123123123123,0.5417613688247241,-0.13678170213302693,0.13859894006406706,0.9757934409422909,7.705901310289164,4.428581330917899,0.6108652381980186,15.000000000000089
31.33133133133133,0.5416631224173729,-0.13676274277928982,0.1385924154601201,0.9478018035728388,7.657483803379263,4.442454771218075,0.6108652381980186,15.000000000000083
31.43143143143143,0.5415664106952566,-0.13674407745292275,0.13858599416737746,0.9204888928321736,7.608691564987904,4.456327563487924,0.6108652381980186,15.000000000000076
31.53153153153153,0.5414712096072433,-0.136725701611946,0.13857967449235187,0.893859617596672,7.559533978783982,4.470199718011516,0.6108652381980185,15.000000000000066
31.63163163163163,0.5413774954848493,-0.136707610785483,0.1385734547476439,0.8679187619264775,7.510020496117542,4.4840712449213465,0.6108652381980185,15.000000000000053
31.73173173173173,0.5412852450422394,-0.13668980057376004,0.13856733325194204,0.8426709850655203,7.460160636019827,4.49794215419832,0.6108652381980184,15.000000000000043
31.83183183183183,0.5411944353762266,-0.13667226664810636,0.13856130833002264,0.8181208214414958,7.409963985203231,4.511812455671767,0.6108652381980183,15.000000000000037
31.93193193193193,0.5411050439196674,-0.13665500474153833,0.13855537839625753,0.7942726709142921,7.359440178558213,4.525682158980511,0.6108652381980182,15.000000000000034
32.032032032032035,0.5410170484732372,-0.13663801064991238,0.13854954204834502,0.7711307980116063,7.3085989020341255,4.539551273495417,0.6108652381980182,15.000000000000032
32.132132132132135,0.540930427250803,-0.13662128024382478,0.13854379785633458,0.7486993465640766,7.257449919969185,4.55341980844648,0.6108652381980181,15.00000000000003
32.232232232232235,0.5408451587833504,-0.13660480945322473,0.138538144397138,0.7269823258326842,7.206003044128872,4.567287772937468,0.610865238198018,15.000000000000028
32.332332332332335,0.5407612219181344,-0.13658859426726286,0.13853258025539555,0.7059836103613449,7.154268133394697,4.581155175945657,0.610865238198018,15.000000000000028
32.432432432432435,0.5406785958186782,-0.1365726307342912,0.13852710402347598,0.6857069399769077,7.102255093764195,4.595022026321838,0.610865238198018,15.000000000000027
32.532532532532535,0.5405972599647744,-0.13655691496186323,0.13852171430147642,0.6661559197891556,7.049973878350928,4.60888833279031,0.6108652381980179,15.000000000000027
32.632632632632635,0.5405171941524841,-0.1365414431167338,0.13851640969722245,0.647334020190803,6.997434487384479,4.622754103948888,0.6108652381980179,15.000000000000027
32.732732732732735,0.5404383784941376,-0.1365262114248592,0.1385111888262682,0.6292445768575005,6.944646968210464,4.636619348268894,0.6108652381980179,15.000000000000027
32.832832832832835,0.5403607934183334,-0.13651121617139717,0.13850605031189614,0.6118907907478295,6.891621415290518,4.650484074095166,0.6108652381980179,15.000000000000027
32.932932932932935,0.5402844196699397,-0.13649645370070676,0.1385009927851172,0.5952757281033064,6.838367970202308,4.66434828964605,0.6108652381980179,15.000000000000027
33.033033033033036,0.5402092383100929,-0.13648192041634857,0.13849601488467084,0.5794023204483806,6.784896821639521,4.678212003013406,0.6108652381980179,15.000000000000027
33.133133133133136,0.540135230673634,-0.1364676127725883,0.1384911153169477,0.5642733577024138,6.731218182882056,4.692075222138071,0.6108652381980179,15.000000000000027
33.233233233233236,0.5400623784020687,-0.13645352727727103,0.1384862929135567,0.5498914880074647,6.677342298160912,4.705937954756991,0.6108652381980179,15.000000000000027
33.333333333333336,0.5399906634767856,-0.1364396605005101,0.1384815464920479,0.5362592268570683,6.623279469151168,4.719800208486129,0.6108652381980179,15.000000000000027
33.433433433433436,0.5399200681409861,-0.13642600906173227,0.13847687487775173,0.523378948655292,6.569040022644844,4.733661990836233,0.6108652381980179,15.000000000000027
33.533533533533536,0.5398505748992737,-0.13641256962960374,0.1384722769041078,0.5112528866625177,6.514634310359291,4.747523309212781,0.6108652381980179,15.000000000000027
33.633633633633636,0.5397821665176533,-0.13639933892203004,0.13846775141266485,0.49988313299544157,6.460072708937188,4.761384170915975,0.6108652381980179,15.000000000000027
33.733733733733736,0.5397148260235326,-0.13638631370615611,0.1384632972530807,0.4892716386270737,6.405365619946542,4.775244583140749,0.6108652381980179,15.000000000000027
33.833833833833836,0.5396485367057205,-0.13637349079836622,0.13845891328312238,0.4794202133867391,6.350523469880689,4.789104552976759,0.6108652381980179,15.000000000000027
33.933933933933936,0.5395832821144284,-0.1363608670642841,0.1384545983686659,0.47033052596007635,6.295556710158294,4.802964087408391,0.6108652381980179,15.000000000000027
34.034034034034036,0.5395190460612694,-0.13634843941877275,0.13845035138369652,0.46200410388903873,6.240475817123352,4.816823193314757,0.6108652381980179,15.000000000000027
34.134134134134136,0.5394558126192586,-0.13633620482593467,0.13844617121030853,0.45444233357189356,6.185291292045185,4.830681877469697,0.6108652381980179,15.000000000000027
34.234234234234236,0.5393935661228131,-0.13632416029911162,0.1384420567387054,0.44764646026322297,6.130013661118446,4.844540146541777,0.6108652381980179,15.000000000000027
34.334334334334336,0.5393322911317833,-0.13631230289383603,0.1384380069051313,0.44161758511137333,6.0746534523376186,4.858398007082159,0.6108652381980179,15.000000000000027
34.434434434434436,0.5392719724556736,-0.13630062971004486,0.1384340207378288,0.43635666362864856,6.019221199700783,4.872255465483299,0.6108652381980179,15.000000000000027
34.53453453453454,0.5392125951901313,-0.1362891379004684,0.13843009726084646,0.43186451062297565,5.963727474653132,4.886112528031069,0.6108652381980179,15.000000000000027
34.63463463463464,0.5391541446470206,-0.13627782465878246,0.1384262355055864,0.42814179710879385,5.908182850505142,4.899969200924133,0.6108652381980179,15.000000000000027
34.73473473473474,0.5390966063538652,-0.13626668721950763,0.13842243451112624,0.425189050273023,5.852597902114871,4.913825490273948,0.6108652381980179,15.000000000000027
34.83483483483484,0.5390399660538491,-0.13625572285800908,0.13841869332421933,0.4230066534750635,5.79698320588796,4.927681402104757,0.6108652381980179,15.000000000000027
34.93493493493494,0.5389842097058157,-0.13624492889049677,0.1384150109992947,0.42159484624679605,5.741349339777633,4.941536942353599,0.6108652381980179,15.000000000000027
35.03503503503504,0.5389293234842684,-0.13623430267402536,0.13841138659845703,0.4209537242925822,5.685706883284692,4.9553921168703,0.6108652381980179,15.000000000000027
35.13513513513514,0.53887529377937,-0.13622384160649417,0.13840781919148662,0.4210832394892638,5.6300664174575275,4.969246931417478,0.6108652381980179,15.000000000000027
35.23523523523524,0.5388221071969438,-0.1362135431266472,0.13840430785583946,0.4219831998861633,5.574438524892107,4.98310139167054,0.6108652381980179,15.000000000000027
35.33533533533534,0.5387697505584721,-0.13620340471407325,0.13840085167664717,0.4236532697050836,5.518833789731986,4.996955503217684,0.6108652381980179,15.000000000000027
35.43543543543544,0.5387182109010975,-0.1361934238892057,0.1383974497467171,0.42609296934030844,5.4632627976682935,5.010809271559901,0.6108652381980179,15.000000000000027
35.53553553553554,0.5386674754575946,-0.13618359820951845,0.13839410118034223,0.4293016760913649,5.4077361211206005,5.024662702109192,0.6108652381980179,15.000000000000027
35.63563563563564,0.5386175316425814,-0.1361739252654657,0.13839080516605887,0.4332786233457214,5.352264299196163,5.038515800157419,0.6108652381980179,15.000000000000027
35.73573573573574,0.5385683671266597,-0.13616440269457064,0.13838756090203302,0.4380228977410679,5.296857894447447,5.052368570892148,0.6108652381980179,15.000000000000027
35.83583583583584,0.5385199697620959,-0.1361550281688757,0.1383843675916456,0.44353344323758587,5.24152744978361,5.0662210194285375,0.6108652381980179,15.000000000000027
35.93593593593594,0.5384723275781456,-0.1361457993941052,0.13838122444501094,0.44980906133390763,5.186283485382854,5.080073150810103,0.6108652381980179,15.000000000000027
36.03603603603604,0.538425428781053,-0.13613671410966538,0.13837813067897664,0.45684841106711555,5.131136498692426,5.093924970008713,0.6108652381980179,15.000000000000027
36.13613613613614,0.5383792617540518,-0.13612777008864432,0.1383750855171237,0.46465000901274306,5.076096964428611,5.107776481924593,0.6108652381980179,15.000000000000027
36.23623623623624,0.5383338150573641,-0.1361189651378121,0.13837208818976648,0.47321222928477324,5.021175334576746,5.121627691386325,0.6108652381980179,15.000000000000027
36.33633633633634,0.5382890774282013,-0.13611029709762068,0.13836913793395267,0.4825333035356403,4.966382038391206,5.1354786031508475,0.6108652381980179,15.000000000000027
36.43643643643644,0.5382450377807636,-0.13610176384220382,0.13836623399346332,0.49261132095622845,4.91172748239541,5.149329221903454,0.6108652381980179,15.000000000000027
36.53653653653654,0.5382016852062402,-0.13609336327937732,0.13836337561881282,0.5034442282758721,4.857222050381824,5.163179552257791,0.6108652381980179,15.000000000000027
36.63663663663664,0.5381590089728092,-0.1360850933506388,0.13836056206724892,0.5150298297623566,4.802876103411958,5.177029598755866,0.6108652381980179,15.000000000000027
36.73673673673674,0.5381169985255727,-0.13607695203115597,0.13835779260277156,0.5273657872346439,4.748699979764967,5.190879365868055,0.6108652381980179,15.000000000000027
36.83683683683684,0.5380756434429346,-0.1360689373214528,0.13835506652193846,0.5404496287650172,4.694703956448714,5.204728857992051,0.6108652381980179,15.000000000000027
36.93693693693694,0.5380349334934729,-0.13606104725668441,0.13835238316942275,0.5542787378463744,4.6408982835198564,5.218578079420178,0.6108652381980179,15.000000000000027
37.03703703703704,0.5379948586381477,-0.13605327990801827,0.13834974189349764,0.5688503521351691,4.587293198119878,5.23242703436928,0.6108652381980179,15.000000000000027
37.13713713713714,0.5379554089816213,-0.13604563337408657,0.13834714204793863,0.5841615727715778,4.533898889636244,5.246275726998173,0.6108652381980179,15.000000000000027
37.23723723723724,0.537916574772258,-0.13603810578098618,0.13834458299202373,0.6002093643794998,4.48072549970241,5.260124161407635,0.6108652381980179,15.000000000000027
37.33733733733734,0.5378783464021243,-0.1360306952822787,0.13834206409053323,0.6169905550665575,4.427783122197808,5.273972341640413,0.6108652381980179,15.000000000000027
37.43743743743744,0.5378407144069888,-0.13602340005899047,0.13833958471374977,0.6345018364240953,4.375081803247862,5.2878202716812215,0.6108652381980179,15.000000000000027
37.53753753753754,0.5378036694663223,-0.13601621831961253,0.1383371442374584,0.6527397635271805,4.322631541223976,5.30166795545674,0.6108652381980179,15.000000000000027
37.63763763763764,0.5377672024032978,-0.13600914830010052,0.13833474204294657,0.6717007549346042,4.27044228674354,5.315515396835615,0.6108652381980179,15.000000000000027
37.73773773773774,0.5377313041847902,-0.136002188263875,0.13833237751700406,0.691381092688878,4.218523942669931,5.329362599628458,0.6108652381980179,15.000000000000027
37.83783783783784,0.5376959659213769,-0.13599533650182102,0.13833005005192303,0.7117769223162407,4.166886364112501,5.343209567587853,0.6108652381980179,15.000000000000027
37.93793793793794,0.5376611788673372,-0.13598859133228852,0.13832775904549796,0.7328842528266466,4.115539358426604,5.357056304408342,0.6108652381980179,15.000000000000027
38.03803803803804,0.5376269344206526,-0.13598195110109204,0.13832550390102583,0.7546989567137804,4.06449268521356,5.370902813726442,0.6108652381980179,15.000000000000027
38.13813813813814,0.5375932241123279,-0.13597541417947523,0.13832328403447355,0.7772167749774704,4.013756044797435,5.384749099119768,0.6108652381980179,15.000000000000027
38.23823823823824,0.5375600395810506,-0.13596897895863075,0.13832109891514902,0.8004333313986441,3.9633390405646436,5.398595164088615,0.6108652381980179,15.000000000000027
38.33833833833834,0.5375273726460291,-0.13596264386335713,0.13831894801587036,0.8243440980493068,3.9132512563702524,5.412441012062459,0.6108652381980179,15.000000000000027
38.43843843843844,0.5374952152502673,-0.13595640734212547,0.13831683081152898,0.8489444179243553,3.8635022112581345,5.426286646422686,0.6108652381980179,15.000000000000027
38.53853853853854,0.5374635594528648,-0.1359502678656656,0.13831474678201233,0.8742295083350188,3.8141013520828975,5.440132070503529,0.6108652381980179,15.000000000000027
38.63863863863864,0.5374323974290169,-0.13594422392696603,0.13831269541220353,0.9001944609088592,3.7650580535098825,5.453977287592063,0.6108652381980179,15.000000000000027
38.73873873873874,0.5374017214700151,-0.13593827404127407,0.13831067619198176,0.9268342415897706,3.7163816180151645,5.467822300928207,0.6108652381980179,15.000000000000027
38.83883883883884,0.5373715239832462,-0.13593241674609574,0.13830868861622192,0.9541436906379791,3.6680812758855548,5.481667113704723,0.6108652381980179,15.000000000000027
38.93893893893894,0.5373417974921929,-0.13592665060119577,0.13830673218479486,0.9821175226300445,3.6201661852185953,5.495511729067218,0.6108652381980179,15.000000000000027
39.03903903903904,0.5373125346364341,-0.13592097418859767,0.13830480640256737,1.010750326458857,3.5726454319225667,5.509356150114142,0.6108652381980179,15.000000000000027
39.13913913913914,0.5372837281716442,-0.13591538611258366,0.138302910779402,1.0400365653336416,3.5255280297164795,5.523200379896791,0.6108652381980179,15.000000000000027
39.23923923923924,0.5372553709695931,-0.13590988499969472,0.13830104483015718,1.0699705767799574,3.478822920130076,5.537044421419301,0.6108652381980179,15.000000000000027
39.33933933933934,0.5372274560181471,-0.13590446949873053,0.13829920807468735,1.1005465726396864,3.432538972503848,5.550888277638654,0.6108652381980179,15.000000000000027
39.43943943943944,0.5371999764212676,-0.13589913828074948,0.13829740003784288,1.1317586390713865,3.3866849839885234,5.564731951464678,0.6108652381980179,15.000000000000027
39.53953953953954,0.5371729253732748,-0.1358938900340443,0.13829562026906905,1.1636007591789481,3.3412696454615163,5.578575445756297,0.6108652381980179,15.000000000000027
39.63963963963964,0.5371462961866362,-0.13588872346888678,0.13829386834423468,1.1960667946978343,3.296301563736987,5.592418763309656,0.6108652381980179,15.000000000000027
39.73973973973974,0.5371200822995317,-0.1358836373194398,0.1382921438353175,1.2291504730416793,3.2517892844261804,5.60626190687618,0.6108652381980179,15.000000000000027
39.83983983983984,0.5370942772442192,-0.13587863033794853,0.13829044631886206,1.2628454110317333,3.207741259061126,5.620104879168797,0.6108652381980179,15.000000000000027
39.93993993993994,0.5370688746470361,-0.13587370129474038,0.13828877537598003,1.2971451148968631,3.1641658450946415,5.633947682861932,0.6108652381980179,15.000000000000027
40.04004004004004,0.5370438682283983,-0.13586884897822496,0.1382871305923498,1.3320429802735503,3.121071305900331,5.647790320591512,0.6108652381980179,15.000000000000027
40.14014014014014,0.5370192518028007,-0.13586407219489421,0.13828551155821678,1.367532292205895,3.0784658107725837,5.6616327949549605,0.6108652381980179,15.000000000000027
40.24024024024024,0.5369950192788168,-0.13585936976932225,0.13828391786839328,1.4036062251456098,3.036357434926579,5.675475108511201,0.6108652381980179,15.000000000000027
40.34034034034034,0.5369711646590989,-0.13585474054416544,0.13828234912225854,1.4402578429520279,2.9947541594982785,5.689317263780661,0.6108652381980179,15.000000000000027
40.44044044044044,0.5369476820403785,-0.13585018338016241,0.13828080492375872,1.477480098892094,2.953663871544434,5.7031592632452615,0.6108652381980179,15.000000000000027
40.54054054054054,0.5369245656134655,-0.13584569715613404,0.13827928488140684,1.5152658356403745,2.91309436404258,5.717001109348427,0.6108652381980179,15.000000000000027
40.64064064064064,0.536901809663249,-0.13584128076898347,0.13827778860828294,1.5536077852790429,2.8730533358910457,5.730842804495079,0.6108652381980179,15.000000000000027
40.74074074074074,0.5368794085686965,-0.13583693313369602,0.1382763157220339,1.5924985692979021,2.8335483919089337,5.744684351051643,0.6108652381980179,15.000000000000027
40.84084084084084,0.5368573567903242,-0.135832653180922,0.1382748658506573,1.6319307146248863,2.7945870265183417,5.758525751346792,0.6108652381980179,15.000000000000027
40.94094094094094,0.5368356488688137,-0.135828439856373,0.13827343864461625,1.6718966618242304,2.756176612121401,5.772367007663582,0.6108652381980179,15.000000000000027
41.04104104104104,0.5368142794569358,-0.13582429212704317,0.13827203375532512,1.7123887210735866,2.7183244445232884,5.786208122242214,0.6108652381980179,15.000000000000027
41.14114114114114,0.5367932432851164,-0.1358202089748783,0.1382706508378381,1.7533991091604721,2.6810377083076307,5.800049097291241,0.6108652381980179,15.000000000000027
41.24124124124124,0.5367725351602171,-0.13581618939654638,0.13826928955118153,1.7949199509166716,2.644323475433113,5.813889934987802,0.6108652381980179,15.000000000000027
41.34134134134134,0.5367521499655361,-0.13581223240343782,0.13826794955835384,1.836943279218239,2.608188705233475,5.827730637477622,0.6108652381980179,15.000000000000027
41.44144144144144,0.5367320826608079,-0.1358083370216652,0.1382666305263255,1.8794610349854965,2.572640244417515,5.841571206875006,0.6108652381980179,15.000000000000027
41.54154154154154,0.5367123282822027,-0.1358045022920635,0.13826533212603925,1.9224650671830366,2.537684827069087,5.855411645262853,0.6108652381980179,15.000000000000027
41.64164164164164,0.5366928819423273,-0.13580072727018994,0.13826405403240977,1.9659471328197167,2.503329074647104,5.869251954692641,0.6108652381980179,15.000000000000027
41.74174174174174,0.5366737388302246,-0.13579701102632405,0.13826279592432392,2.009898896948666,2.469579495985534,5.883092137184436,0.6108652381980179,15.000000000000027
41.84184184184184,0.5366548942113736,-0.13579335264546766,0.13826155748464067,2.0543119326672814,2.4364424872934025,5.896932194726888,0.6108652381980179,15.000000000000027
41.94194194194194,0.5366363434276893,-0.13578975122734488,0.1382603384001911,2.0991777211172313,2.4039243321547903,5.910772129277236,0.6108652381980179,15.000000000000027
42.04204204204204,0.5366180818975234,-0.13578620588640217,0.13825913836177842,2.144487651484447,2.3720312015288383,5.9246119427613,0.6108652381980179,15.000000000000027
42.14214214214214,0.5366001051092392,-0.13578271575057052,0.13825795706626734,2.19023303253215,2.340769145712593,5.93845163707447,0.6108652381980179,15.000000000000027
42.24224224224224,0.5365824086102828,-0.13577927995897648,0.13825679422636375,2.2364051187231917,2.310144073829647,5.95229121407906,0.6108652381980179,15.000000000000027
42.34234234234234,0.5365649880415369,-0.13577589766852627,0.13825564955808312,2.2829950479615024,2.280161796768169,5.966130675599985,0.6108652381980179,15.000000000000027
42.44244244244244,0.5365478391089752,-0.135772568048673,0.13825452278032022,2.329993883023243,2.250828001181156,5.9799700234357775,0.6108652381980179,15.000000000000027
42.54254254254254,0.5365309575807399,-0.13576929028086435,0.13825341361536714,2.3773926163717642,2.2221482462701134,5.993809259359336,0.6108652381980179,15.000000000000027
42.64264264264264,0.536514339287141,-0.13576606355854287,0.13825232178891325,2.4251821701576035,2.1941279637850584,6.007648385117926,0.6108652381980179,15.000000000000027
42.74274274274274,0.536497980120657,-0.13576288708714568,0.13825124703004518,2.473353396218487,2.1667724580245156,6.0214874024331735,0.6108652381980179,15.000000000000027
42.84284284284284,0.5364818760359341,-0.13575976008410462,0.1382501890712469,2.5218970760793282,2.1400869058355183,6.035326313001074,0.6108652381980179,15.000000000000027
42.94294294294294,0.5364660230497872,-0.13575668177884628,0.1382491476483996,2.5708039209522315,2.1140763566136105,6.049165118491986,0.6108652381980179,15.000000000000027
43.04304304304304,0.5364504172411986,-0.1357536514127919,0.13824812250078175,2.620064571736484,2.088745732302845,6.063003820550634,0.6108652381980179,15.000000000000027
43.14314314314314,0.5364350547513194,-0.13575066823935739,0.1382471133710692,2.6696695990185666,2.064099827395783,6.0768424207961065,0.6108652381980179,15.000000000000027
43.24324324324324,0.5364199317834683,-0.13574773152395342,0.13824612000533498,2.7196095030721446,2.0401433089334966,6.090680920821858,0.6108652381980179,15.000000000000027
43.34334334334334,0.5364050446031323,-0.1357448405439853,0.13824514215304948,2.7698747138580804,2.0168807165055624,6.10451932219571,0.6108652381980179,15.000000000000027
43.44344344344344,0.5363903895342726,-0.13574199458814226,0.138244179567881,2.8204555998190397,1.994316458283749,6.118357626460683,0.6108652381980179,15.000000000000027
43.54354354354354,0.5363759629464689,-0.13573919295381798,0.13824323201409894,2.8713425050312225,1.972454792431949,6.132195835135412,0.6108652381980179,15.000000000000027
43.64364364364364,0.5363617612859498,-0.1357364349530279,0.13824229926021045,2.9225256769846713,1.9512998587575883,6.1460339497068475,0.6108652381980179,15.000000000000027
43.74374374374374,0.5363477810534559,-0.13573371990830524,0.13824138107717518,2.973995308238093,1.9308556626222702,6.159871971639835,0.6108652381980179,15.000000000000027
43.84384384384384,0.5363340188002743,-0.13573104715194945,0.1382404772388101,3.025741545075167,1.911126071239778,6.173709902378335,0.6108652381980179,15.000000000000027
43.94394394394394,0.5363204711282381,-0.13572841602602634,0.13823958752178947,3.0777544875045413,1.8921148136760735,6.187547743345417,0.6108652381980179,15.000000000000027
44.04404404404404,0.5363071346897272,-0.135725825882368,0.13823871170564472,3.1300241892598364,1.8738254808492993,6.201385495943264,0.6108652381980179,15.000000000000027
44.14414414414414,0.5362940061876676,-0.13572327608257284,0.1382378495727646,3.1825406577996436,1.856261525529777,6.215223161553173,0.6108652381980179,15.000000000000027
44.24424424424424,0.536281082375532,-0.13572076599800553,0.13823700090839516,3.235293854307524,1.8394262623400073,6.229060741535548,0.6108652381980179,15.000000000000027
44.34434434434434,0.5362683600573389,-0.13571829500979712,0.13823616550063966,3.288273693692014,1.8233228677546698,6.242898237229912,0.6108652381980179,15.000000000000027
44.44444444444444,0.5362558360876538,-0.13571586250884493,0.13823534314045868,3.3414700445866137,1.807954380100626,6.256735649954895,0.6108652381980179,15.000000000000027
44.54454454454454,0.5362435073715883,-0.13571346789581262,0.13823453362166999,3.3948727293498018,1.7933236995569137,6.2705729810082405,0.6108652381980179,15.000000000000027
44.64464464464464,0.5362313708648003,-0.13571111058113006,0.1382337367409487,3.448471524065025,1.7794335881547523,6.284410231666805,0.6108652381980179,15.000000000000027
44.74474474474474,0.5362194235721761,-0.13570878998474026,0.1382329522980104,3.5022561625432087,1.7662866688124914,6.298247403186927,0.6108652381980179,15.000000000000027
44.84484484484484,0.5362076625337909,-0.13570650553334695,0.13823218009950358,3.5562163846824926,1.753885412290767,6.312084496807004,0.6108652381980179,15.000000000000027
44.94494494494494,0.536196084850989,-0.13570425666536173,0.13823141995681645,3.610341862545681,1.7422321534220186,6.325921513739207,0.6108652381980179,15.000000000000027
45.04504504504504,0.5361846876725033,-0.13570204282834064,0.1382306716833986,3.6646222300359264,1.7313290865946853,6.339758455176551,0.6108652381980179,15.000000000000027
45.14514514514514,0.5361734681880785,-0.13569986347777316,0.13822993509507536,3.719047100648036,1.7211782618332212,6.353595322295079,0.6108652381980179,15.000000000000027
45.24524524524524,0.5361624236284726,-0.13569771807708242,0.13822921001004784,3.773606067468474,1.7117815847980957,6.367432116253856,0.6108652381980179,15.000000000000027
45.34534534534534,0.5361515512654552,-0.13569560609762518,0.13822849624889286,3.828288703175363,1.703140816785794,6.381268838194978,0.6108652381980179,15.000000000000027
45.44544544544544,0.5361408484118093,-0.13569352701869164,0.138227793634563,3.883084560038481,1.6952575747288159,6.395105489243562,0.6108652381980179,15.000000000000027
45.545545545545544,0.5361303124213298,-0.1356914803275057,0.13822710199238653,3.937983169919265,1.6881333311956772,6.408942070507755,0.6108652381980179,15.000000000000027
45.645645645645644,0.5361199406888242,-0.13568946551922476,0.13822642115006747,3.992974044270803,1.681769414390909,6.422778583078727,0.6108652381980179,15.000000000000027
45.745745745745744,0.5361097306501127,-0.1356874820969398,0.1382257509376857,4.048046674137846,1.6761670081550577,6.436615028030674,0.6108652381980179,15.000000000000027
45.845845845845844,0.5360996797820278,-0.1356855295716754,0.13822509118769666,4.103190530156801,1.671327151964685,6.4504514064208225,0.6108652381980179,15.000000000000027
45.945945945945944,0.5360897856024145,-0.1356836074623897,0.13822444173493162,4.15839506255573,1.6672507409323682,6.464287719289419,0.6108652381980179,15.000000000000027
46.046046046046044,0.5360800456701306,-0.1356817152959744,0.1382238024165976,4.213649701154354,1.6639385258066994,6.478123967659739,0.6108652381980179,15.000000000000027
46.146146146146144,0.5360704575752719,-0.13567985260536214,0.138223173073701,4.268943894802581,1.6613911104853316,6.491960152540766,0.6108652381980179,15.000000000000027
46.246246246246244,0.5360610189487753,-0.1356780189313019,0.13822255355245805,4.324267086315119,1.6596089505690999,6.5057962749226075,0.6108652381980179,15.000000000000027
46.346346346346344,0.5360517274680744,-0.13567621382349876,0.1382219437010218,4.379608679912723,1.6585923570579686,6.519632335776639,0.6108652381980179,15.000000000000027
46.446446446446444,0.5360425808437583,-0.1356744368380777,0.1382213433694989,4.434958086456448,1.6583414952191318,6.533468336060499,0.6108652381980179,15.000000000000027
46.546546546546544,0.5360335768195646,-0.13567268753758235,0.13822075240994997,4.490304723475183,1.6588563845858146,6.5473042767180925,0.6108652381980179,15.000000000000027
46.646646646646644,0.5360247131723789,-0.13567096549097493,0.1382201706763897,4.545638015165649,1.660136898957274,6.561140158679592,0.6108652381980179,15.000000000000027
46.746746746746744,0.5360159877122346,-0.13566927027363615,0.1382195980247869,4.600947392392397,1.6621827663987974,6.574975982861436,0.6108652381980179,15.000000000000027
46.846846846846844,0.5360073982823138,-0.1356676014673653,0.13821903431306443,4.656222292687817,1.6649935692417037,6.58881175016633,0.6108652381980179,15.000000000000027
46.946946946946944,0.5359989427589463,-0.1356659586603803,0.13821847940109916,4.711452160252124,1.668568744083343,6.6026474614832456,0.6108652381980179,15.000000000000027
47.047047047047045,0.5359906190516104,-0.13566434144731754,0.1382179331507221,4.766626445953371,1.6729075817870964,6.61648311768742,0.6108652381980179,15.000000000000027
47.147147147147145,0.5359824251029321,-0.13566274942923204,0.13821739542571826,4.8217346073274365,1.6780092274823764,6.630318719640359,0.6108652381980179,15.000000000000027
47.247247247247245,0.5359743588886859,-0.13566118221359735,0.13821686609182676,4.8767661085780425,1.683872680564627,6.644154268189834,0.6108652381980179,15.000000000000027
47.347347347347345,0.5359664184177944,-0.1356596394143056,0.13821634501674074,4.931710420576732,1.6904967946953224,6.657989764169883,0.6108652381980179,15.000000000000027
47.447447447447445,0.5359586017313382,-0.1356581206514768,0.13821583207018048,4.986557025508223,1.6978802784496292,6.671825208401129,0.6108652381980179,15.000000000000027
47.547547547547545,0.5359509068921733,-0.13565662554943406,0.13821532712562962,5.041295472529576,1.706021701546145,6.685660601693474,0.6108652381980179,15.000000000000027
47.647647647647645,0.5359433320046367,-0.13565515374046874,0.13821483005962037,5.095915291945432,1.71491948111736,6.699495944839201,0.6108652381980179,15.000000000000027
47.747747747747745,0.5359358752044323,-0.13565370486293876,0.1382143407502163,5.150406028048055,1.7245718891826918,6.713331238617815,0.6108652381980179,15.000000000000027
47.847847847847845,0.5359285346539345,-0.13565227856037046,0.13821385907707778,5.2047572592618,1.7349770558507445,6.727166483797765,0.6108652381980179,15.000000000000027
47.947947947947945,0.5359213085421877,-0.1356508744814585,0.13821338492146198,5.25895859814311,1.7461329693193106,6.741001681136435,0.6108652381980179,15.000000000000027
48.048048048048045,0.5359141950849069,-0.13564949228006593,0.1382129181662228,5.312999691380517,1.7580374758753705,6.7548368313801515,0.6108652381980179,15.000000000000027
48.148148148148145,0.5359071925244773,-0.13564813161522413,0.13821245869581097,5.366870219794637,1.7706882798950907,6.7686719352641775,0.6108652381980179,15.000000000000027
48.248248248248245,0.5359002991299545,-0.13564679215113293,0.1382120063962739,5.420559898338181,1.7840829438438268,6.782506993512719,0.6108652381980179,15.000000000000027
48.348348348348345,0.5358935131970646,-0.1356454735571605,0.13821156115525593,5.474058476095947,1.7982188882761223,6.796342006838918,0.6108652381980179,15.000000000000027
48.448448448448445,0.5358868330482036,-0.13564417550784333,0.138211122861998,5.5273557362848145,1.8130933918357057,6.8101769759448585,0.6108652381980179,15.000000000000027
48.548548548548546,0.5358802570324382,-0.13564289768288634,0.13821069140733797,5.580441496253759,1.8287035912554959,6.824011901521561,0.6108652381980179,15.000000000000027
48.648648648648646,0.5358737835255056,-0.1356416397671628,0.13821026668371036,5.6333056074838455,1.8450464813575982,6.837846784248989,0.6108652381980179,15.000000000000027
48.748748748748746,0.5358674109298128,-0.13564040145071438,0.1382098485851466,5.685937955588221,1.8621189150533057,6.851681624796044,0.6108652381980179,15.000000000000027
48.848848848848846,0.5358611376732945,-0.13563918242853037,0.13820943700735502,5.738328466888913,1.8799176055800126,6.865516423820939,0.6108652381980179,15.000000000000027
48.948948948948946,0.5358549622013863,-0.13563798239897998,0.13820903184901737,5.79046716249084,1.8984391430794347,6.879351181973303,0.610865238198018,15.000000000000025
49.049049049049046,0.5358488829934501,-0.1356368010669661,0.1382086330109889,5.842344069229304,1.9176799626892689,6.89318589988859,0.6108652381980181,15.000000000000021
49.149149149149146,0.535842898553362,-0.1356356381421391,0.13820824039537286,5.893949258432034,1.937636360881923,6.907020578192239,0.6108652381980182,15.000000000000018
49.249249249249246,0.5358370074064087,-0.13563449333830116,0.1382078539055768,5.945272862140138,1.9583045013328588,6.920855217500799,0.6108652381980183,15.000000000000016
49.349349349349346,0.5358312080992884,-0.13563336637340617,0.1382074734463126,5.996305073108098,1.9796804149205935,6.934689818421926,0.6108652381980184,15.000000000000016
49.449449449449446,0.5358254992001105,-0.13563225696955994,0.13820709892359648,6.047036144803775,2.0017599997266986,6.948524381554387,0.6108652381980184,15.00000000000002
49.549549549549546,0.5358198792983949,-0.13563116485302004,0.13820673024474903,6.097456391408406,2.0245390210357996,6.962358907488055,0.6108652381980183,15.000000000000023
49.649649649649646,0.5358143470050731,-0.1356300897541958,0.1382063673183951,6.14755618781661,2.048013111335578,6.976193396803917,0.6108652381980182,15.00000000000003
49.749749749749746,0.5358089009524876,-0.1356290314076484,0.138206010054464,6.197325969636376,2.072177770316768,6.990027850074064,0.610865238198018,15.000000000000039
49.849849849849846,0.5358035397943917,-0.1356279895520908,0.13820565836418924,6.246756233189077,2.0970283648731614,7.003862267861698,0.6108652381980176,15.000000000000048
49.949949949949946,0.5357982622059498,-0.13562696393038778,0.1382053121601087,6.29583753550946,2.1225601291016005,7.017696650721129,0.6108652381980174,15.000000000000057
50.050050050050054,0.5357930668837378,-0.13562595428955593,0.13820497135606466,6.34456049434565,2.1487681643019867,7.03153099919778,0.6108652381980172,15.000000000000062
50.150150150150154,0.5357879525457424,-0.13562496038076358,0.1382046358672037,6.392915788159149,2.1756474389772715,7.045365313828176,0.610865238198017,15.000000000000066
50.250250250250254,0.535782917930425,-0.13562398195915001,0.1382043056100241,6.440894162338436,2.203192792393055,7.059199595140275,0.610865238198017,15.000000000000064
50.350350350350354,0.535777961790348,-0.13562301878258126,0.13820398050317825,6.488486479134492,2.2313989611944645,7.073033843655284,0.610865238198017,15.000000000000064
50.450450450450454,0.5357730829052155,-0.13562207061416043,0.1382036604670223,6.535683636143875,2.2602605309837376,7.0868680598831,0.610865238198017,15.000000000000062
50.550550550550554,0.5357682800743413,-0.13562113722079122,0.1382033454229573,6.582476601531201,2.289771959942111,7.100702244325582,0.610865238198017,15.000000000000062
50.650650650650654,0.5357635521142323,-0.13562021837271288,0.13820303529344816,6.62885642853051,2.319927587513087,7.114536397477439,0.610865238198017,15.000000000000062
50.750750750750754,0.5357588978585883,-0.13561931384350026,0.13820273000202343,6.674814255445261,2.3507216344024267,7.128370519826233,0.610865238198017,15.000000000000062
50.850850850850854,0.5357543161583026,-0.13561842341006383,0.13820242947327552,6.720341305648341,2.3821482025781564,7.142204611852376,0.610865238198017,15.000000000000062
50.950950950950954,0.5357498058814615,-0.13561754685264962,0.13820213363286063,6.765428887582053,2.414201275270564,7.156038674029135,0.610865238198017,15.000000000000062
51.051051051051054,0.5357453659133444,-0.13561668395483925,0.13820184240749864,6.810068394758126,2.446874716972199,7.169872706822624,0.610865238198017,15.000000000000062
51.151151151151154,0.5357409951564239,-0.13561583450355,0.1382015557249733,6.8542513057577095,2.4801622734378768,7.183706710691814,0.610865238198017,15.000000000000062
51.251251251251254,0.5357366925303658,-0.13561499828903464,0.1382012735141321,6.897969184231376,2.51405757168467,7.197540686088521,0.610865238198017,15.000000000000062
51.351351351351354,0.535732456972029,-0.13561417510488163,0.13820099570488628,6.94121367889912,2.54855411999192,7.211374633457421,0.610865238198017,15.000000000000062
51.451451451451454,0.5357282874354655,-0.13561336474801497,0.13820072222821084,6.983976523550357,2.5836453079012243,7.225208553236034,0.610865238198017,15.000000000000062
51.551551551551555,0.5357241828919207,-0.13561256701869426,0.13820045301614461,7.026249537043928,2.6193244062164487,7.239042445854737,0.610865238198017,15.000000000000062
51.651651651651655,0.5357201423288386,-0.13561178172032226,0.13820018800181819,7.068024630483011,2.655584573197303,7.252876311737107,0.610865238198017,15.000000000000062
51.751751751751755,0.5357161647452022,-0.13561100865853473,0.13819992711991494,7.109293848364036,2.692418887626031,7.26671015130135,0.610865238198017,15.000000000000062
51.851851851851855,0.535712249161983,-0.13561024764321714,0.13819967030645564,7.150049296703015,2.729820285160203,7.280543964956539,0.610865238198017,15.000000000000062
51.951951951951955,0.5357083946155146,-0.1356094984872346,0.13819941749833545,7.190283177697986,2.7677815921284195,7.294377753105414,0.610865238198017,15.000000000000062
52.052052052052055,0.5357046001559459,-0.1356087610061337,0.13819916863331472,7.229987799770972,2.8062955345430023,7.308211516144967,0.610865238198017,15.000000000000062
52.152152152152155,0.5357008648472416,-0.1356080350181423,0.13819892365001873,7.26915557756798,2.8453547381000006,7.3220452544664365,0.610865238198017,15.000000000000062
52.252252252252255,0.5356971877671814,-0.13560732034416975,0.13819868248793796,7.307779031959006,2.884951728179189,7.335878968455317,0.610865238198017,15.000000000000062
52.352352352352355,0.5356935680073611,-0.13560661680780675,0.13819844508742787,7.34585079003803,2.9250789298440636,7.349712658491348,0.610865238198017,15.000000000000062
52.452452452452455,0.5356900046731913,-0.13560592423532541,0.13819821138970903,7.38336358512302,2.965728667841851,7.363546324948525,0.610865238198017,15.000000000000062
52.552552552552555,0.5356864968838985,-0.1356052424556792,0.1381979813368671,7.420310256755927,3.0068931666034957,7.37737996819509,0.610865238198017,15.000000000000062
52.652652652652655,0.5356830437725243,-0.135604571300503,0.13819775487185273,7.456683750702693,3.0485645502436745,7.391213588593537,0.610865238198017,15.000000000000062
52.752752752752755,0.5356796444859261,-0.1356039106041131,0.1381975319384818,7.492477118953241,3.0907348425607872,7.405047186500613,0.610865238198017,15.000000000000062
52.852852852852855,0.5356762981847765,-0.13560326020350713,0.1381973124814351,7.527683519721479,3.133395967036949,7.418880762267308,0.610865238198017,15.000000000000062
52.952952952952955,0.5356730040435637,-0.13560261993836417,0.1381970964462586,7.5622962174453106,3.1765397468380194,7.432714316238873,0.610865238198017,15.000000000000062
53.053053053053056,0.5356697612494304,-0.13560198965081977,0.13819688377937542,7.596308591333203,3.220157915653469,7.446547848755227,0.610865238198017,15.000000000000062
53.153153153153156,0.535666568999177,-0.13560136918487906,0.13819667442835457,7.629714164844484,3.2642421517085456,7.4603813601518985,0.610865238198017,15.000000000000062
53.253253253253256,0.5356634265074017,-0.1356007583879919,0.13819646834181878,7.662506547278582,3.3087840024469832,7.474214850757051,0.610865238198017,15.000000000000062
53.353353353353356,0.5356603330006466,-0.13560015710992612,0.13819626546910643,7.694679465864044,3.353774929821514,7.488048320893899,0.610865238198017,15.000000000000062
53.453453453453456,0.535657287716556,-0.13559956520260505,0.13819606576025753,7.726226771287526,3.399206317592388,7.501881770881033,0.610865238198017,15.000000000000062
53.553553553553556,0.5356542899038763,-0.1355989825201076,0.1381958691660135,7.757142437693793,3.445069471327373,7.515715201032419,0.610865238198017,15.000000000000062
53.653653653653656,0.5356513388224567,-0.13559840891866817,0.13819567563781746,7.787420562685722,3.4913556184017542,7.529548611657401,0.610865238198017,15.000000000000062
53.753753753753756,0.5356484337432486,-0.13559784425667673,0.13819548512781385,7.817055367324299,3.5380559079983365,7.5433820030606995,0.610865238198017,15.000000000000062
53.853853853853856,0.5356455739483056,-0.13559728839467874,0.1381952975888488,7.846041196128621,3.5851614111074417,7.557215375542411,0.610865238198017,15.000000000000062
53.953953953953956,0.5356427587307838,-0.1355967411953753,0.13819511297446993,7.874372517075898,3.63266312052691,7.571048729398005,0.610865238198017,15.000000000000062
54.054054054054056,0.5356399873949418,-0.13559620252362287,0.1381949312389264,7.902043921601444,3.6805519508621,7.584882064918333,0.610865238198017,15.000000000000062
54.154154154154156,0.5356372592561404,-0.1355956722464336,0.13819475233716882,7.929050124598688,3.7288187385258817,7.598715382389618,0.610865238198017,15.000000000000062
54.254254254254256,0.5356345736408429,-0.1355951502329751,0.13819457622484946,7.955385964419169,3.777454241738658,7.612548682093464,0.610865238198017,15.000000000000062
54.354354354354356,0.5356319298866148,-0.13559463635457056,0.13819440285832202,7.9810464028725345,3.8264491405283323,7.626381964306845,0.610865238198017,15.000000000000062
54.454454454454456,0.5356293273408789,-0.13559413048445712,0.1381942321946368,8.006026533682563,3.8757940531284243,7.640215229302588,0.610865238198017,15.000000000000062
54.55455455455456,0.5356267653591896,-0.13559363249744713,0.13819406419170346,8.030321601008001,3.9254795668071094,7.654048477349885,0.610865238198017,15.000000000000062
54.65465465465466,0.5356242433114127,-0.1355931422711255,0.13819389880827668,8.053926957566473,3.9754961559196462,7.667881708712017,0.610865238198017,15.000000000000062
54.75475475475476,0.5356217605767806,-0.13559265968489587,0.13819373600369,8.076838089550211,4.025834236228217,7.681714923648366,0.610865238198017,15.000000000000062
54.85485485485486,0.5356193165434414,-0.13559218461989336,0.13819357573784422,8.099050619328123,4.076484170400366,7.695548122414604,0.610865238198017,15.000000000000062
54.95495495495496,0.5356169106084591,-0.1355917169589845,0.13819341797120738,8.120560305445796,4.127436268008991,7.709381305262687,0.610865238198017,15.000000000000062
55.05505505505506,0.5356145421778129,-0.13559125658676724,0.13819326266481474,8.141363042625489,4.1786807855323564,7.723214472440852,0.610865238198017,15.000000000000062
55.15515515515516,0.5356122106663979,-0.13559080338957097,0.1381931097802689,8.161454861766137,4.230207926354081,7.737047624193628,0.610865238198017,15.000000000000062
55.25525525525526,0.5356099154980245,-0.1355903572554565,0.1381929592797396,8.180831929943352,4.282007840763144,7.750880760761823,0.610865238198017,15.000000000000062
55.35535535535536,0.5356076561054192,-0.13558991807421614,0.13819281112596382,8.199490550409424,4.334070625953887,7.764713882382534,0.610865238198017,15.000000000000062
55.45545545545546,0.5356054319302235,-0.13558948573737353,0.13819266528224589,8.217427162593314,4.386386326026003,7.778546989289139,0.610865238198017,15.000000000000062
55.55555555555556,0.5356032424229948,-0.13558906013818384,0.13819252171245727,8.234638342100663,4.438944931984553,7.792380081711304,0.610865238198017,15.000000000000062
55.65565565565566,0.5356010870432062,-0.13558864117163358,0.13819238038103676,8.251120800713789,4.491736381739954,7.806213159874981,0.610865238198017,15.000000000000062
55.75575575575576,0.5355989652592462,-0.13558822873444076,0.13819224125299032,8.26687138639168,4.5447505601079845,7.820046224002406,0.610865238198017,15.000000000000062
55.85585585585586,0.5355968765473471,-0.13558782272484687,0.13819210429387363,8.281887088762565,4.597977317745384,7.83387927431251,0.610865238198017,15.000000000000062
55.95595595595596,0.5355948203902908,-0.13558742304236296,0.1381919694698853,8.296165051050188,4.651406503567169,7.84771231102134,0.610865238198017,15.000000000000062
56.05605605605606,0.5355927962824258,-0.1355870295887424,0.13819183674791946,8.309702544421302,4.7050278753335775,7.86154533434015,0.610865238198017,15.000000000000062
56.15615615615616,0.5355908037255908,-0.1355866422671933,0.13819170609533923,8.3224969824258,4.758831159415518,7.87537834447708,0.610865238198017,15.000000000000062
56.25625625625626,0.5355888422287722,-0.13558626098231225,0.13819157747996477,8.334545922494794,4.812806056358939,7.88921134163729,0.610865238198017,15.000000000000062
56.35635635635636,0.5355869113081053,-0.13558588564008428,0.13819145087007362,8.345847065940607,4.866942240884828,7.903044326022959,0.610865238198017,15.000000000000062
56.45645645645646,0.5355850104868728,-0.13558551614788297,0.13819132623440042,8.356398257956775,4.921229361889216,7.916877297833288,0.610865238198017,15.000000000000062
56.55655655655656,0.5355831392955062,-0.1355851524144704,0.13819120354213707,8.366197487618049,4.975657042443168,7.930710257264495,0.610865238198017,15.000000000000062
56.65665665665666,0.5355812972715847,-0.13558479434999712,0.13819108276293274,8.375242887880397,5.030214879792793,7.944543204509823,0.610865238198017,15.000000000000062
56.75675675675676,0.535579483959836,-0.13558444186600221,0.13819096386689372,8.383532735580998,5.084892445359243,7.958376139759531,0.610865238198017,15.000000000000062
56.85685685685686,0.5355776989121358,-0.1355840948754132,0.13819084682458363,8.391065451438243,5.139679284738699,7.972209063200901,0.610865238198017,15.000000000000062
56.95695695695696,0.5355759416875082,-0.1355837532925462,0.13819073160702322,8.397839600051741,5.194564917702393,7.986041975018233,0.610865238198017,15.000000000000062
57.05705705705706,0.5355742118521253,-0.13558341703310572,0.13819061818569053,8.403853889902313,5.249538838196591,7.999874875392849,0.610865238198017,15.000000000000062
57.15715715715716,0.5355725089793073,-0.13558308601418487,0.13819050653252077,8.409107173351996,5.304590514342604,8.013707764503092,0.610865238198017,15.000000000000062
57.25725725725726,0.5355708326488979,-0.13558276015414394,0.13819039661988916,8.413598447839199,5.3597094025462635,8.027540642524569,0.610865238198017,15.000000000000062
57.35735735735736,0.5355691824455627,-0.13558243937227876,0.13819028842063175,8.4173268621373,5.414884995288287,8.041373509630768,0.610865238198017,15.000000000000062
57.45745745745746,0.5355675579634026,-0.135582123589715,0.13819018190817478,8.420291708594265,5.4701067190124375,8.055206365991259,0.610865238198017,15.000000000000062
57.55755755755756,0.5355659588027248,-0.13558181272878383,0.13819007705633202,8.422492425064203,5.525363992728901,8.06903921177303,0.610865238198017,15.000000000000062
57.65765765765766,0.5355643845695542,-0.1355815067129273,0.13818997383928447,8.423928595571123,5.580646238172792,8.082872047140679,0.610865238198017,15.000000000000062
57.75775775775776,0.5355628348756328,-0.13558120546669808,0.13818987223158039,8.424599950308927,5.635942879804158,8.09670487225643,0.610865238198017,15.000000000000062
57.85785785785786,0.53556130933842,-0.1355809089157597,0.13818977220813525,8.424506365641424,5.6912433448079724,8.110537687280113,0.610865238198017,15.000000000000062
57.95795795795796,0.5355598075810928,-0.13558061698688634,0.13818967374423177,8.42364786410231,5.746537063094145,8.12437049236918,0.610865238198017,15.000000000000062
58.05805805805806,0.535558329232545,-0.13558032960796307,0.13818957681551985,8.422024614395188,5.801813467297511,8.138203287678698,0.610865238198017,15.000000000000062
58.15815815815816,0.535556873927388,-0.13558004670798562,0.13818948139801673,8.419636931393553,5.85706199277784,8.15203607336135,0.610865238198017,15.000000000000062
58.25825825825826,0.5355554413059507,-0.13557976821706053,0.13818938746810674,8.416485276140799,5.912272077619827,8.16586884956743,0.610865238198017,15.000000000000062
58.35835835835836,0.535554031014279,-0.13557949406640504,0.13818929500254157,8.412570255850222,5.967433162633102,8.179701616444856,0.610865238198017,15.000000000000062
58.45845845845846,0.5355526427041365,-0.13557922418834722,0.13818920397844003,8.407892623905012,6.022534691352225,8.193534374139155,0.610865238198017,15.000000000000062
58.55855855855856,0.5355512760330038,-0.13557895851632587,0.1381891143732883,8.402453279858253,6.077566110036689,8.207367122793476,0.610865238198017,15.000000000000062
58.65865865865866,0.5355499306639542,-0.13557869698486635,0.1381890261649349,8.39625326902413,6.132516871090306,8.22119986254863,0.610865238198017,15.000000000000062
58.75875875875876,0.5355486062635655,-0.13557843952917473,0.13818893933154308,8.389293776377881,6.187376497162707,8.235032593543906,0.610865238198017,15.000000000000062
58.85885885885886,0.5355473025055866,-0.13557818608584812,0.13818885385176188,8.381576139813967,6.24213448900654,8.248865315915582,0.610865238198017,15.000000000000062
58.95895895895896,0.535546019069422,-0.1355779365925821,0.1381887697045877,8.373101843822464,6.296780351299896,8.262698029797592,0.610865238198017,15.000000000000062
59.05905905905906,0.5355447556390351,-0.13557769098795797,0.1381886868693108,8.363872515652837,6.3513036202822635,8.276530735321971,0.610865238198017,15.000000000000062
59.15915915915916,0.5355435119029479,-0.1355774492114428,0.13818860532551513,8.353889925313924,6.405693863754536,8.290363432618847,0.610865238198017,15.000000000000062
59.25925925925926,0.5355422875542408,-0.13557721120338945,0.13818852505307855,8.34315598557395,6.459940681079002,8.304196121816448,0.610865238198017,15.000000000000062
59.35935935935936,0.5355410822905531,-0.1355769769050366,0.13818844603217262,8.331672751960523,6.514033703179352,8.318028803041104,0.610865238198017,15.000000000000062
59.45945945945946,0.5355398958140823,-0.13557674625850855,0.13818836824326275,8.31944242276063,6.567962592540677,8.33186147641724,0.610865238198017,15.000000000000062
59.55955955955956,0.5355387278315853,-0.13557651920681552,0.13818829166710808,8.306467339020642,6.621717043209464,8.34569414206738,0.610865238198017,15.000000000000062
59.65965965965966,0.5355375780543767,-0.13557629569385346,0.1381882162847616,8.29274998454631,6.675286780793604,8.35952680011215,0.610865238198017,15.000000000000062
59.75975975975976,0.5355364461983306,-0.13557607566440405,0.13818814207757005,8.278292985902764,6.7286615624623884,8.373359450670268,0.610865238198017,15.000000000000062
59.85985985985986,0.535535331983879,-0.13557585906413477,0.13818806902717395,8.263099112414524,6.781831176946506,8.387192093858559,0.610865238198017,15.000000000000062
59.95995995995996,0.535534235136013,-0.13557564583959886,0.1381879971155077,8.247171276165485,6.834785444538042,8.40102472979194,0.610865238198017,15.000000000000062
60.06006006006006,0.535533155384282,-0.13557543593823537,0.13818792632479932,8.230512531998924,6.887514217090493,8.41485735858343,0.610865238198017,15.000000000000062
60.16016016016016,0.5355320924619374,-0.1355752293082027,0.1381878566375383,8.213126068038852,6.940007407605462,8.428689980344487,0.610865238198017,15.000000000000062
60.26026026026026,0.5355310461058397,-0.13557502589835976,0.13818778803651163,8.195015203503516,6.9922550072903,8.442522595185018,0.610865238198017,15.000000000000062
60.36036036036036,0.5355300160588521,-0.13557482565873086,0.13818772050487557,8.176183416026852,7.044246998769224,8.45635520321244,0.610865238198017,15.000000000000062
60.46046046046046,0.5355290020675456,-0.13557462854006078,0.13818765402602443,8.15663431769075,7.095973421549485,8.470187804532623,0.610865238198017,15.000000000000062
60.56056056056056,0.535528003882113,-0.13557443449379797,0.13818758858358662,8.136371654104996,7.1474243747130926,8.484020399249927,0.610865238198017,15.000000000000062
60.66066066066066,0.5355270212563684,-0.13557424347209485,0.1381875241614246,8.115399304407264,7.198590016916818,8.4978529874672,0.610865238198017,15.000000000000062
60.76076076076076,0.5355260539477481,-0.1355740554278075,0.13818746074363483,8.093721281263122,7.24946056639219,8.51168556928578,0.610865238198017,15.000000000000062
60.86086086086086,0.5355251017173098,-0.13557387031449594,0.1381873983145479,8.071341730866028,7.300026300945495,8.525518144805494,0.610865238198017,15.000000000000062
60.96096096096096,0.5355241643297334,-0.13557368808642395,0.13818733685872842,8.048264932937336,7.350277557957779,8.539350714124657,0.610865238198017,15.000000000000062
61.06106106106106,0.5355232415533202,-0.13557350869855908,0.1381872763609751,8.024495300726288,7.400204734384849,8.553183277340075,0.610865238198017,15.000000000000062
61.16116116116116,0.5355223331599933,-0.13557333210657274,0.13818721680632065,8.00003738101002,7.449798286757269,8.56701583454704,0.610865238198017,15.000000000000062
61.26126126126126,0.5355214389252978,-0.13557315826684016,0.13818715818003188,7.97489585409356,7.499048731180359,8.580848385839337,0.610865238198017,15.000000000000062
61.36136136136136,0.5355205586284003,-0.13557298713644036,0.13818710046760968,7.949075533809829,7.547946643334203,8.594680931309236,0.610865238198017,15.000000000000062
61.46146146146146,0.5355196920520893,-0.13557281867315615,0.1381870436547889,7.9225813675196335,7.596482658473645,8.608513471047498,0.610865238198017,15.000000000000062
61.56156156156156,0.5355188389827732,-0.13557265283547387,0.13818698772753849,7.89541843607309,7.644647471494467,8.622346005143378,0.610865238198017,15.000000000000062
61.66166166166166,0.5355179992092147,-0.13557248958233742,0.13818693267201032,7.867591924856855,7.692431888875457,8.636178533685117,0.610865238198017,15.000000000000062
61.76176176176176,0.5355171725240866,-0.1355723288734498,0.13818687847463645,7.839107154077334,7.73982678307231,8.650011056759315,0.610865238198017,15.000000000000062
61.86186186186186,0.5355163587242537,-0.13557217066932817,0.13818682512210775,7.809969589916749,7.786823067057256,8.663843574450828,0.610865238198017,15.000000000000062
61.96196196196196,0.5355155576094482,-0.135572014931047,0.13818677260130077,7.780184817146753,7.833411739343797,8.677676086843318,0.610865238198017,15.000000000000062
62.06206206206206,0.5355147689822695,-0.13557186162023796,0.13818672089927778,7.749758539128427,7.8795838839867125,8.691508594019245,0.610865238198017,15.000000000000062
62.16216216216216,0.5355139926481841,-0.13557171069908994,0.13818667000328688,7.718696577812281,7.925330670582056,8.705341096059879,0.610865238198017,15.000000000000062
62.26226226226226,0.535513228415526,-0.1355715621303491,0.13818661990076184,7.687004873738256,7.970643354267156,8.71917359304529,0.610865238198017,15.000000000000062
62.36236236236236,0.5355124760954962,-0.13557141587731883,0.13818657057932224,7.654689486035721,8.015513275720613,8.73300608505435,0.610865238198017,15.000000000000062
62.46246246246246,0.5355117355021632,-0.13557127190385979,0.13818652202677337,7.621756592423473,8.059931861162307,8.746838572164743,0.610865238198017,15.000000000000062
62.56256256256256,0.5355110064524626,-0.1355711301743898,0.13818647423110625,7.588212489209741,8.103890622353385,8.760671054452944,0.610865238198017,15.000000000000062
62.66266266266266,0.5355102887661972,-0.135570990653884,0.13818642718049767,7.55406359129218,8.147381156596277,8.774503531994242,0.610865238198017,15.000000000000062
62.76276276276276,0.5355095822660373,-0.13557085330787477,0.13818638086331014,7.519316432157875,8.190395146734685,8.788336004862725,0.610865238198017,15.000000000000062
62.86286286286286,0.53550888677752,-0.13557071810245166,0.138186335268092,7.483977663883345,8.232924361153582,8.802168473131283,0.610865238198017,15.000000000000062
62.96296296296296,0.53550820212905,-0.13557058500426153,0.13818629038357721,7.448054057134532,8.27496065377922,8.816000936871614,0.610865238198017,15.000000000000062
63.06306306306306,0.5355075281518915,-0.1355704539805069,0.1381862461986852,7.411552500877607,8.316495964400282,8.829833396154221,0.610865238198017,15.000000000000062
63.16316316316316,0.5355068646790712,-0.13557032499873303,0.13818620270247275,7.374479959070826,8.357522368723256,8.843665851048856,0.6108652381980169,15.000000000000059
63.26326326326326,0.5355062115468826,-0.13557019802711948,0.13818615988422367,7.336843520436423,8.398032027827565,8.857498301623894,0.6108652381980165,15.000000000000053
63.36336336336336,0.5355055685948449,-0.13557007303447244,0.13818611773342246,7.298650405512844,8.438017175217995,8.871330747946372,0.6108652381980161,15.000000000000048
63.46346346346346,0.5355049356647401,-0.13556994999003802,0.1381860762397007,7.259907933233773,8.477470152569323,8.885163190082384,0.6108652381980157,15.000000000000043
63.56356356356356,0.5355043126006147,-0.13556982886350225,0.13818603539283686,7.220623520928129,8.51638340972631,8.898995628097078,0.6108652381980155,15.000000000000039
63.66366366366366,0.5355036992487785,-0.13556970962499124,0.13818599518275645,7.18080468432007,8.5547495047037,8.912828062054654,0.6108652381980154,15.000000000000039
63.76376376376376,0.5355030954578051,-0.135569592245071,0.13818595559953192,7.140459037528988,8.59256110368623,8.926660492018373,0.6108652381980156,15.000000000000044
63.86386386386386,0.5355025010785315,-0.1355694766947476,0.13818591663338267,7.09959429306951,8.629810981028616,8.940492918050547,0.610865238198016,15.000000000000053
63.96396396396396,0.5355019159640589,-0.1355693629454669,0.13818587827467507,7.058218261851503,8.666492019255562,8.954325340212547,0.6108652381980165,15.000000000000066
64.06406406406407,0.535501339969752,-0.13556925096911496,0.1381858405139225,7.016338853180066,8.702597209061768,8.968157758564793,0.6108652381980172,15.00000000000008
64.16416416416416,0.5355007729532392,-0.13556914073801765,0.13818580334178523,6.973964074755547,8.7381196493119,8.981990173166766,0.6108652381980181,15.000000000000098
64.26426426426427,0.5355002147744123,-0.13556903222494088,0.1381857667490706,6.931102032673502,8.773052547040635,8.995822584077004,0.6108652381980189,15.000000000000115
64.36436436436436,0.5354996652954275,-0.13556892540309057,0.13818573072673285,6.887760931424761,8.80738921745261,9.00965499135309,0.6108652381980196,15.00000000000013
64.46446446446447,0.5354991243807039,-0.1355688202461125,0.1381856952658732,6.8439490738953594,8.841123083922469,9.023487395051673,0.6108652381980203,15.00000000000014
64.56456456456456,0.535498591896925,-0.13556871672809254,0.13818566035773985,6.799674861366584,8.874247677994834,9.037319795228452,0.6108652381980205,15.000000000000144
64.66466466466467,0.5354980677122881,-0.1355686148234109,0.1381856259936921,6.754946747734442,8.906756673994517,9.05115219193849,0.6108652381980206,15.000000000000147
64.76476476476476,0.535497551697296,-0.13556851450689558,0.13818559216525245,6.709773275435932,8.938643867232335,9.064984585235868,0.610865238198021,15.000000000000156
64.86486486486487,0.5354970437251828,-0.13556841575390519,0.13818555886411396,6.6641631109574195,8.969903144185599,9.078816975173545,0.6108652381980214,15.000000000000167
64.96496496496496,0.535496543670968,-0.13556831854014542,0.13818552608208598,6.618124994600738,9.000528517565304,9.092649361803725,0.6108652381980217,15.000000000000178
65.06506506506507,0.5354960514114562,-0.1355682228416689,0.13818549381109385,6.571667740476786,9.030514126320769,9.10648174517787,0.6108652381980221,15.000000000000185
65.16516516516516,0.535495566825237,-0.1355681286348752,0.1381854620431791,6.524800236505586,9.0598542356396,9.120314125346699,0.6108652381980221,15.000000000000187
65.26526526526527,0.5354950897926855,-0.13556803589651098,0.13818543077049944,6.477531444416223,9.088543236947727,9.134146502360183,0.610865238198022,15.000000000000181
65.36536536536536,0.5354946201959613,-0.13556794460366978,0.13818539998532856,6.429870399746902,9.116575647909373,9.147978876267548,0.6108652381980217,15.000000000000169
65.46546546546547,0.5354941579190096,-0.13556785473379213,0.13818536968005637,6.381826211844902,9.14394611242708,9.161811247117278,0.6108652381980212,15.000000000000151
65.56556556556556,0.5354937028475606,-0.13556776626466557,0.13818533984718895,6.333408063866615,9.170649400641686,9.175643614957105,0.6108652381980205,15.000000000000126
65.66566566566567,0.5354932548691296,-0.13556767917442458,0.13818531047934837,6.284625212777499,9.196680408932348,9.189475979834027,0.6108652381980196,15.0000000000001
65.76576576576576,0.535492813873017,-0.13556759344155064,0.1381852815692729,6.235486989352142,9.22203415991651,9.203308341794283,0.6108652381980189,15.00000000000007
65.86586586586587,0.5354923797503083,-0.13556750904487222,0.13818525310981697,6.186002798174191,9.246705802449945,9.21714070088338,0.610865238198018,15.000000000000044
65.96596596596596,0.5354919523938743,-0.13556742596356475,0.13818522509395106,6.136182117636404,9.270690611626717,9.230973057146072,0.6108652381980174,15.000000000000023
66.06606606606607,0.5354915316983706,-0.13556734417715058,0.13818519751476183,6.086034499940636,9.293983988779205,9.244805410626368,0.6108652381980171,15.000000000000014
66.16616616616616,0.5354911175597966,-0.13556726366541336,0.13818517036542935,6.035569532236139,9.316581479620492,9.258637761367716,0.610865238198017,15.000000000000014
66.26626626626627,0.5354907098756938,-0.13556718440843626,0.13818514363924525,5.984796840759883,9.33847877644282,9.272470109412911,0.6108652381980166,15.00000000000001
66.36636636636636,0.5354903085459111,-0.13556710638675085,0.13818511732964633,5.933726165454913,9.359671681904912,9.286302454803783,0.6108652381980163,15.000000000000007
66.46646646646647,0.535489913471719,-0.135567029581165,0.13818509143016192,5.882367293390099,9.380156136987273,9.30013479758158,0.610865238198016,15.000000000000004
66.56656656656656,0.535489524555797,-0.1355669539727605,0.13818506593441313,5.8307300576952965,9.399928221464503,9.313967137786948,0.6108652381980157,14.999999999999998
66.66666666666667,0.5354891417022332,-0.13556687954289282,0.1381850408361129,5.778824337561289,9.418984153905317,9.327799475459958,0.6108652381980156,14.999999999999995
66.76676676676676,0.5354887648165241,-0.13556680627319134,0.13818501612906597,5.726660058239846,9.437320291672533,9.341631810640083,0.6108652381980157,14.999999999999993
66.86686686686687,0.5354883938055753,-0.1355667341455593,0.1381849918071688,5.67424719104366,9.454933130923079,9.355464143366214,0.6108652381980161,14.999999999999991
66.96696696696696,0.5354880285777008,-0.13556666314217364,0.13818496786440976,5.621595753346416,9.471819306607987,9.369296473676648,0.6108652381980165,14.999999999999993
67.06706706706707,0.5354876690426235,-0.13556659324548523,0.1381849442948689,5.568715808582722,9.487975592472402,9.383128801609104,0.6108652381980172,14.999999999999995
67.16716716716716,0.5354873151114746,-0.13556652443821868,0.13818492109271815,5.5156174662481705,9.50339890105557,9.396961127200697,0.610865238198018,14.999999999999996
67.26726726726727,0.5354869666967944,-0.13556645670337245,0.13818489825222124,5.462310881899282,9.518086283690849,9.410793450487974,0.6108652381980187,15.000000000000002
67.36736736736736,0.5354866237125319,-0.13556639002421883,0.13818487576773358,5.408806257153569,9.532034930505697,9.424625771506873,0.6108652381980195,15.000000000000007
67.46746746746747,0.5354862860740441,-0.13556632438430394,0.13818485363370256,5.355113839689461,9.545242170421691,9.438458090292762,0.6108652381980201,15.00000000000001
67.56756756756756,0.5354859536980977,-0.13556625976744768,0.13818483184466718,5.301243923246378,9.557705471154504,9.452290406880408,0.6108652381980204,15.000000000000014
67.66766766766767,0.5354856265025623,-0.13556619615768453,0.13818481039524178,5.2472068109723375,9.569422447748433,9.466122721304126,0.6108652381980205,15.000000000000018
67.76776776776777,0.5354853044064666,-0.13556613353927416,0.13818478928012334,5.193012807919129,9.580390867895394,9.47995503359773,0.6108652381980209,15.00000000000002
67.86786786786787,0.5354849873306727,-0.13556607189683254,0.13818476849412542,5.1386723086624935,9.590608630624764,9.493787343794278,0.6108652381980213,15.000000000000021
67.96796796796797,0.5354846751971744,-0.13556601121519551,0.13818474803213526,5.084195726251243,9.600073779862655,9.507619651926355,0.6108652381980216,15.000000000000021
68.06806806806807,0.5354843679290788,-0.1355659514794155,0.13818472788911276,5.029593490308657,9.608784504835546,9.521451958026082,0.6108652381980219,15.000000000000023
68.16816816816817,0.535484065450608,-0.1355658926747615,0.13818470806009056,4.974876047032532,9.616739140070278,9.535284262125112,0.610865238198022,15.000000000000023
68.26826826826827,0.5354837676870976,-0.13556583478671905,0.138184688540174,4.920053859195128,9.623936165394063,9.549116564254636,0.6108652381980219,15.000000000000025
68.36836836836837,0.5354834745649975,-0.1355657778009903,0.13818466932454104,4.865137406143229,9.630374205934473,9.562948864445373,0.6108652381980215,15.000000000000027
68.46846846846847,0.5354831860118716,-0.1355657217034939,0.1381846504084425,4.810137183798083,9.636052032119448,9.576781162727585,0.610865238198021,15.000000000000028
68.56856856856857,0.535482901956398,-0.13556566648036517,0.13818463178720172,4.755063704655452,9.640968559677292,9.590613459131065,0.6108652381980203,15.00000000000003
68.66866866866867,0.535482622328369,-0.13556561211795587,0.13818461345621486,4.69992749778557,9.64512284963668,9.604445753685141,0.6108652381980194,15.000000000000032
68.76876876876877,0.5354823470586908,-0.13556555860283445,0.13818459541095074,4.644739108833185,9.648514108326644,9.618278046418677,0.6108652381980185,15.000000000000032
68.86886886886887,0.5354820760793837,-0.13556550592178584,0.13818457764695088,4.589509100017515,9.651141687376587,9.632110337360071,0.6108652381980177,15.000000000000034
68.96896896896897,0.5354818093235824,-0.13556545406181159,0.1381845601598295,4.534248050132296,9.653005083716277,9.645942626537254,0.6108652381980172,15.000000000000034
69.06906906906907,0.5354815467255352,-0.1355654030101298,0.13818454294527352,4.4789665545457185,9.654103939575844,9.659774913977696,0.6108652381980169,15.000000000000034
69.16916916916917,0.5354812882202955,-0.13556535275411494,0.13818452599902514,4.4236751763552915,9.654438043760948,9.673607199708524,0.6108652381980167,15.000000000000032
69.26926926926927,0.5354810337439823,-0.1355653032813487,0.13818450931689952,4.36838447097111,9.654007334792873,9.687439483756425,0.6108652381980166,15.000000000000028
69.36936936936937,0.5354807832340598,-0.13556525457967414,0.13818449289479787,4.313105041934114,9.65281189757821,9.701271766147514,0.6108652381980163,15.000000000000027
69.46946946946947,0.5354805366288778,-0.13556520663710644,0.1381844767286792,4.257847479734441,9.65085196267116,9.715104046907548,0.6108652381980162,15.000000000000025
69.56956956956957,0.5354802938676697,-0.13556515944183267,0.13818446081456032,4.202622361642661,9.648127906274704,9.728936326061909,0.610865238198016,15.000000000000023
69.66966966966967,0.5354800548905532,-0.1355651129822117,0.13818444514851577,4.14744025170971,9.644640250240595,9.742768603635612,0.610865238198016,15.000000000000025
69.76976976976977,0.5354798196385298,-0.13556506724677417,0.1381844297266778,4.092311700766959,9.640389662069374,9.7566008796533,0.6108652381980161,15.000000000000028
69.86986986986987,0.5354795880534847,-0.13556502222422265,0.1381844145452365,4.037247246426148,9.63537695491035,9.77043315413925,0.6108652381980162,15.000000000000034
69.96996996996997,0.5354793600781879,-0.13556497790343153,0.1381843996004396,3.9822574130794464,9.629603087561621,9.784265427117367,0.6108652381980165,15.00000000000004
70.07007007007007,0.5354791356562923,-0.135564934273447,0.13818438488859264,3.9273527118993945,9.623069164470053,9.79809769861119,0.610865238198017,15.000000000000048
70.17017017017017,0.5354789147323358,-0.13556489132348717,0.13818437040605894,3.872543640838965,9.615776435731297,9.811929968643886,0.6108652381980173,15.000000000000057
70.27027027027027,0.5354786972517394,-0.1355648490429419,0.1381843561492595,3.8178406846315,9.607726297089776,9.825762237238255,0.6108652381980177,15.000000000000064
70.37037037037037,0.5354784831608086,-0.1355648074213729,0.1381843421146731,3.7632543147907707,9.598920289938702,9.839594504416727,0.6108652381980182,15.000000000000071
70.47047047047047,0.5354782724067328,-0.13556476644851376,0.13818432829883628,3.708794989610919,9.58936010132005,9.853426770201363,0.6108652381980184,15.000000000000075
70.57057057057057,0.5354780649375609,-0.13556472611426515,0.1381843146983419,3.654473149660903,9.579047563065346,9.867259034613864,0.6108652381980184,15.000000000000075
70.67067067067067,0.5354778607018851,-0.13556468640863334,0.1381843013098209,3.6002991519227434,9.567984640942951,9.881091297675706,0.6108652381980182,15.000000000000071
70.77077077077077,0.5354776596494102,-0.13556464732184087,0.1381842881299773,3.546283367123188,9.556173455350889,9.894923559407893,0.6108652381980179,15.000000000000066
70.87087087087087,0.5354774617306942,-0.13556460884427607,0.13818427515557033,3.492436149092972,9.543616272066181,9.90875581983108,0.6108652381980175,15.00000000000006
70.97097097097097,0.5354772668969994,-0.13556457096646418,0.13818426238340523,3.4387678096548133,9.530315496954932,9.922588078965624,0.6108652381980172,15.000000000000055
71.07107107107107,0.5354770751002917,-0.1355645336790673,0.13818424981033334,3.3852886186233535,9.516273675972327,9.936420336831594,0.6108652381980171,15.000000000000052
71.17117117117117,0.5354768862932414,-0.13556449697288434,0.13818423743325195,3.33200880380522,9.50149349516263,9.950252593448752,0.6108652381980172,15.000000000000048
71.27127127127127,0.5354767004292226,-0.13556446083885113,0.13818422524910443,3.2789385509989617,9.485977780659185,9.964084848836583,0.6108652381980175,15.000000000000048
71.37137137137137,0.5354765174623133,-0.13556442526804036,0.13818421325488014,3.226088003995114,9.46972949868442,9.977917103014263,0.610865238198018,15.00000000000005
71.47147147147147,0.5354763373472959,-0.1355643902516615,0.13818420144761456,3.1734672645761357,9.452751755549839,9.991749356000684,0.6108652381980186,15.000000000000053
71.57157157157157,0.5354761600396567,-0.135564355781061,0.13818418982438913,3.121086392516468,9.435047797656031,10.005581607814438,0.6108652381980195,15.000000000000057
71.67167167167167,0.5354759854955857,-0.13556432184772207,0.1381841783823313,3.06895540558248,9.41662101149266,10.019413858473827,0.6108652381980203,15.000000000000064
71.77177177177177,0.5354758136719775,-0.13556428844326485,0.13818416711861464,3.017084279532514,9.397474923638477,10.033246107996856,0.6108652381980211,15.00000000000007
71.87187187187187,0.5354756445264303,-0.13556425555944626,0.1381841560304587,2.9654829481168536,9.377613200761305,10.04707835640124,0.6108652381980217,15.000000000000075
71.97197197197197,0.5354754780172464,-0.13556422318816022,0.138184145115129,2.9141613030777456,9.357039649618057,10.060910603704395,0.610865238198022,15.00000000000008
72.07207207207207,0.535475314103269,-0.1355641913214056,0.13818413436992738,2.8631291565986965,9.335758202232881,10.074742849923512,0.6108652381980219,15.00000000000008
72.17217217217217,0.5354751527439846,-0.13556415995130647,0.13818412379219894,2.812396250287171,9.313772922958961,10.088575095075514,0.6108652381980217,15.000000000000076
72.27227227227228,0.5354749938997269,-0.13556412907015147,0.1381841133793436,2.76197231106699,9.291088029025307,10.102407339176974,0.6108652381980215,15.000000000000071
72.37237237237237,0.5354748375313938,-0.13556409867033906,0.1381841031287983,2.7118669976285754,9.26770786697635,10.11623958224422,0.6108652381980213,15.000000000000068
72.47247247247248,0.5354746836004469,-0.13556406874437707,0.13818409303803678,2.6620898999988567,9.243636912492551,10.130071824293351,0.6108652381980212,15.000000000000068
72.57257257257257,0.5354745320689104,-0.13556403928488286,0.13818408310456956,2.612650539541328,9.218879770390435,10.143904065340232,0.6108652381980212,15.00000000000007
72.67267267267268,0.5354743828993713,-0.13556401028458318,0.13818407332594404,2.563558368955989,9.19344117462256,10.157736305400489,0.6108652381980213,15.000000000000078
72.77277277277277,0.5354742360549796,-0.13556398173631418,0.13818406369974442,2.514822772279406,9.167325988277545,10.171568544489515,0.6108652381980216,15.00000000000009
72.87287287287288,0.5354740914994482,-0.13556395363302148,0.13818405422359178,2.4664530648846528,9.140539203580044,10.18540078262247,0.6108652381980221,15.000000000000107
72.97297297297297,0.5354739491970532,-0.13556392596776012,0.13818404489514394,2.4184584934813675,9.113085941890775,10.19923301981427,0.6108652381980226,15.000000000000124
73.07307307307308,0.5354738091126331,-0.1355638987336946,0.1381840357120956,2.370848236115694,9.084971453706483,10.213065256079613,0.6108652381980233,15.000000000000144
73.17317317317317,0.5354736712115896,-0.13556387192409877,0.13818402667217827,2.3236314021703426,9.056201118659983,10.226897491432942,0.6108652381980239,15.000000000000163
73.27327327327328,0.5354735354598874,-0.13556384553235598,0.13818401777316033,2.276817032364531,9.026780445520119,10.240729725888478,0.6108652381980244,15.000000000000178
73.37337337337337,0.535473401824054,-0.135563819551959,0.13818400901284691,2.230414098754041,8.996715072191801,10.2545619594602,0.6108652381980246,15.000000000000183
73.47347347347348,0.5354732702710913,-0.13556379397649285,0.1381840003890746,2.1844314821701785,8.966010751114723,10.268394192161901,0.6108652381980246,15.000000000000181
73.57357357357357,0.5354731407684523,-0.13556376879963014,0.13818399189971042,2.1388779549046713,8.93467334125559,10.282226424007167,0.6108652381980244,15.000000000000178
73.67367367367368,0.5354730132842951,-0.13556374401518062,0.13818398354266717,2.093762249169821,8.902708851933028,10.296058655009302,0.6108652381980241,15.000000000000172
73.77377377377377,0.535472887787239,-0.13556371961704372,0.13818397531588777,2.049093007175099,8.870123407476552,10.30989088518141,0.6108652381980237,15.000000000000169
73.87387387387388,0.5354727642463555,-0.13556369559920667,0.1381839672173448,2.0048787788551596,8.83692324569321,10.323723114536417,0.6108652381980236,15.000000000000165
73.97397397397397,0.5354726426311676,-0.13556367195574454,0.13818395924504034,1.9611280218698943,8.803114717867624,10.337555343087047,0.6108652381980236,15.000000000000162
74.07407407407408,0.5354725229116503,-0.1355636486808203,0.13818395139700615,1.9178491016043782,8.768704288761954,10.351387570845846,0.6108652381980239,15.00000000000016
74.17417417417417,0.5354724050582301,-0.13556362576868464,0.1381839436713035,1.8750502911689229,8.733698536615934,10.365219797825164,0.6108652381980242,15.00000000000016
74.27427427427428,0.5354722890417857,-0.13556360321367616,0.1381839360660232,1.8327397713990234,8.698104153146835,10.379052024037168,0.6108652381980247,15.000000000000162
74.37437437437437,0.5354721748336471,-0.13556358101022126,0.13818392857928571,1.7909256308554125,8.661927943549504,10.392884249493832,0.6108652381980254,15.000000000000163
74.47447447447448,0.5354720624055964,-0.13556355915283416,0.13818392120924108,1.7496158658240064,8.62517682649632,10.406716474206945,0.6108652381980262,15.000000000000167
74.57457457457457,0.5354719517298675,-0.13556353763611695,0.13818391395406887,1.7088183803159556,8.587857834137244,10.420548698188103,0.6108652381980268,15.00000000000017
74.67467467467468,0.535471842779146,-0.13556351645475948,0.13818390681197826,1.6685409860675966,8.549978112099764,10.434380921448719,0.6108652381980274,15.000000000000176
74.77477477477477,0.5354717355265691,-0.1355634956035395,0.138183899781208,1.628791402540502,8.511544919488953,10.44821314400001,0.6108652381980277,15.000000000000178
74.87487487487488,0.5354716299456412,-0.135563475077306,0.13818389286002103,1.5895772337764509,8.472565606645869,10.462045365853047,0.6108652381980276,15.00000000000018
74.97497497497497,0.53547152601026,-0.13556345487098456,0.1381838860467065,1.5509059647802779,8.433047615561168,10.47587758701873,0.6108652381980274,15.000000000000178
75.07507507507508,0.5354714236948679,-0.1355634349796065,0.13818387933958912,1.5127850081284755,8.392998523380967,10.489709807507735,0.6108652381980272,15.000000000000176
75.17517517517517,0.5354713229742737,-0.13556341539827446,0.13818387273701754,1.475221664999928,8.352426001891141,10.503542027330585,0.610865238198027,15.000000000000174
75.27527527527528,0.5354712238236504,-0.13556339612216195,0.13818386623736434,1.438223124424904,8.311337816767328,10.517374246497653,0.6108652381980268,15.000000000000174
75.37537537537537,0.5354711262185347,-0.13556337714651304,0.13818385983902584,1.4017964632850983,8.269741827574974,10.531206465019153,0.610865238198027,15.000000000000178
75.47547547547548,0.5354710301348268,-0.13556335846664258,0.1381838535404222,1.3659486463135915,8.227645987769291,10.545038682905156,0.6108652381980272,15.000000000000187
75.57557557557557,0.5354709355487911,-0.13556334007793616,0.13818384733999742,1.3306865260948917,8.1850583446953,10.558870900165573,0.6108652381980276,15.000000000000197
75.67567567567568,0.5354708424370554,-0.13556332197585003,0.1381838412362193,1.2960168430648917,8.141987039587782,10.57270311681017,0.6108652381980282,15.000000000000213
75.77577577577577,0.5354707507766115,-0.13556330415591117,0.13818383522757943,1.26194622551091,8.098440307571332,10.586535332848554,0.6108652381980288,15.00000000000023
75.87587587587588,0.5354706605448151,-0.13556328661371736,0.13818382931259324,1.22848118957165,8.054426477660297,10.600367548290189,0.6108652381980295,15.000000000000245
75.97597597597597,0.5354705717193853,-0.135563269344937,0.13818382348980005,1.1956281392372456,8.009953972758849,10.614199763144375,0.6108652381980302,15.00000000000026
76.07607607607608,0.535470484278405,-0.13556325234530928,0.13818381775776287,1.1633933663492142,7.965031309660911,10.628031977420273,0.6108652381980306,15.00000000000027
76.17617617617617,0.5354703982003199,-0.13556323561064373,0.1381838121150685,1.1317830502158266,7.919667098489227,10.641864191126885,0.6108652381980308,15.000000000000272
76.27627627627628,0.5354703134638279,-0.13556321913679914,0.13818380656032062,1.100803227150323,7.8738700001389095,10.65569640427311,0.6108652381980308,15.000000000000268
76.37637637637637,0.5354702300480323,-0.13556320291971294,0.13818380109214948,1.0704598212125844,7.827648775117903,10.669528616867671,0.6108652381980308,15.000000000000265
76.47647647647648,0.5354701479324133,-0.135563186955396,0.13818379570921,1.040758647150412,7.781012283157079,10.683360828919147,0.6108652381980308,15.000000000000261
76.57657657657657,0.5354700670967453,-0.13556317123991615,0.1381837904101763,1.0117053919236159,7.733969455144701,10.697193040435979,0.6108652381980308,15.000000000000258
76.67667667667668,0.5354699875210958,-0.13556315576939842,0.13818378519374178,0.9833056147039791,7.68652929312637,10.7110252514265,0.610865238198031,15.000000000000254
76.77677677677677,0.535469909185826,-0.13556314054002483,0.138183780058619,0.9555647468752942,7.638700870305076,10.724857461898907,0.6108652381980311,15.000000000000252
76.87687687687688,0.5354698320715909,-0.13556312554803449,0.13818377500353987,0.9284880920333276,7.5904933310411495,10.738689671861286,0.6108652381980311,15.000000000000252
76.97697697697697,0.535469756159339,-0.1355631107897236,0.13818377002725538,0.9020808259858532,7.541915890852308,10.75252188132159,0.6108652381980312,15.000000000000254
77.07707707707708,0.5354696814303121,-0.13556309626144547,0.1381837651285359,0.876347996752621,7.4929778364136075,10.766354090287658,0.6108652381980313,15.000000000000256
77.17717717717717,0.535469607866046,-0.13556308195961045,0.13818376030617088,0.8512945245653872,7.4436885255575,10.780186298767198,0.6108652381980313,15.00000000000026
77.27727727727728,0.53546953544837,-0.13556306788068592,0.13818375555896917,0.8269252018678821,7.39405738727376,10.79401850676781,0.6108652381980314,15.000000000000263
77.37737737737737,0.5354694641594064,-0.13556305402119645,0.1381837508857587,0.8032446933158472,7.344093921709573,10.807850714296949,0.6108652381980314,15.000000000000266
77.47747747747748,0.5354693939815721,-0.13556304037772357,0.13818374628538677,0.780257535776997,7.293807700169447,10.821682921361969,0.6108652381980314,15.000000000000266
77.57757757757757,0.5354693248975557,-0.1355630269469018,0.1381837417567184,0.7579681335597557,7.243208354412839,10.835515127970098,0.6108652381980314,15.000000000000268
77.67767767767768,0.5354692568902523,-0.13556301372540586,0.13818373729863243,0.7363807384854397,7.192305536591713,10.849347334128481,0.6108652381980316,15.000000000000275
77.77777777777777,0.5354691899429284,-0.1355630007099825,0.13818373291003191,0.7154994854649188,7.141109001095531,10.863179539844104,0.610865238198032,15.000000000000288
77.87787787787788,0.5354691240391068,-0.13556298789742846,0.13818372858983677,0.6953283743244789,7.0896285571977185,10.877011745123857,0.6108652381980323,15.0000000000003
77.97797797797797,0.5354690591625476,-0.13556297528458647,0.1381837243369824,0.6758712660451581,7.037874060164112,10.890843949974517,0.6108652381980325,15.000000000000309
78.07807807807808,0.5354689952972476,-0.1355629628683454,0.13818372015041977,0.6571318827627232,6.985855411252899,10.904676154402772,0.6108652381980325,15.000000000000313
78.17817817817817,0.5354689324274408,-0.13556295064564014,0.13818371602911536,0.639113807767692,6.933582557714679,10.918508358415204,0.6108652381980324,15.000000000000309
78.27827827827828,0.5354688705375982,-0.13556293861345176,0.13818371197205115,0.6218204855053121,6.881065492792405,10.932340562018306,0.610865238198032,15.000000000000298
78.37837837837837,0.5354688096124283,-0.13556292676880735,0.1381837079782247,0.6052552215755812,6.8283142557214385,10.946172765218458,0.6108652381980314,15.00000000000028
78.47847847847848,0.535468749636876,-0.1355629151087801,0.13818370404664912,0.5894211827332283,6.7753389317294985,10.960004968021956,0.6108652381980307,15.00000000000026
78.57857857857857,0.5354686905961239,-0.13556290363048934,0.13818370017635298,0.5743213968877305,6.722149652036712,10.973837170434981,0.61086523819803,15.000000000000234
78.67867867867868,0.5354686324755913,-0.13556289233110044,0.1381836963663804,0.5599587531032963,6.668756593855552,10.987669372463632,0.6108652381980292,15.000000000000211
78.77877877877877,0.5354685752609347,-0.13556288120782484,0.13818369261579103,0.5463360015988855,6.615169980390921,11.001501574113892,0.6108652381980286,15.000000000000192
78.87887887887888,0.5354685189380478,-0.13556287025792013,0.13818368892366012,0.5334557537481865,6.561400080840056,11.01533377539166,0.6108652381980283,15.000000000000185
78.97897897897897,0.5354684634930081,-0.1355628594786797,0.138183685289075,0.5213204734984049,6.507457174732994,11.02916597630275,0.6108652381980283,15.000000000000185
79.07907907907908,0.5354684089121149,-0.13556284886743986,0.1381836817111375,0.5099324774412815,6.453351564978919,11.042998176852883,0.6108652381980283,15.000000000000185
79.17917917917917,0.5354683551819476,-0.1355628384215916,0.13818367818896804,0.4992939475162694,6.3990936250854435,11.056830377047664,0.6108652381980283,15.000000000000185
79.27927927927928,0.5354683022892773,-0.1355628281385631,0.13818367472169935,0.4894069207040394,6.34469374783406,11.070662576892623,0.6108652381980284,15.000000000000183
79.37937937937937,0.5354682502210661,-0.13556281801581965,0.13818367130847675,0.48027328895520693,6.2901623449567055,11.084494776393202,0.6108652381980283,15.000000000000183
79.47947947947948,0.5354681989644673,-0.13556280805086363,0.13818366794845816,0.47189479919032057,6.2355098471357095,11.09832697555477,0.6108652381980283,15.000000000000183
79.57957957957957,0.5354681485068248,-0.13556279824123463,0.13818366464081389,0.46427305329987284,6.180746704003841,11.11215917438261,0.6108652381980282,15.000000000000183
79.67967967967968,0.5354680988356737,-0.13556278858450932,0.13818366138472682,0.4574095081442905,6.125883384144261,11.125991372881932,0.610865238198028,15.000000000000185
79.77977977977977,0.5354680499387401,-0.13556277907830153,0.13818365817939235,0.45130547555394307,6.070930375090575,11.13982357105786,0.6108652381980278,15.000000000000187
79.87987987987988,0.535468001803941,-0.13556276972026218,0.13818365502401836,0.44596212232913574,6.015898183326781,11.153655768915446,0.6108652381980276,15.000000000000188
79.97997997997997,0.5354679544193847,-0.13556276050807936,0.13818365191782528,0.44138047024011484,5.960797334287312,11.16748796645965,0.6108652381980274,15.00000000000019
80.08008008008008,0.5354679077733699,-0.13556275143947827,0.138183648860046,0.43756139602706356,5.905638372356997,11.181320163695368,0.6108652381980272,15.000000000000192
80.18018018018019,0.535467861854387,-0.13556274251222125,0.13818364584992596,0.43450563140010545,5.850431860871105,11.1951523606274,0.6108652381980271,15.000000000000192
80.28028028028028,0.5354678166511166,-0.1355627337241077,0.1381836428867231,0.43221376303438636,5.795188381923345,11.208984557260477,0.6108652381980271,15.00000000000019
80.38038038038039,0.5354677721523686,-0.1355627250729622,0.13818363996970387,0.43068623017829544,5.739918483479178,11.222816753599277,0.610865238198027,15.000000000000188
80.48048048048048,0.535467728347162,-0.13556271655664984,0.13818363709814846,0.42992332331637084,5.684632732183805,11.23664894964838,0.6108652381980267,15.000000000000185
80.58058058058059,0.5354676852247278,-0.13556270817307703,0.13818363427135094,0.42992518729669493,5.629341728247297,11.25048114541229,0.6108652381980265,15.000000000000183
80.68068068068068,0.5354676427744497,-0.13556269992017989,0.13818363148861545,0.4306918210173537,5.574056062379035,11.264313340895438,0.6108652381980264,15.00000000000018
80.78078078078079,0.5354676009858648,-0.13556269179592426,0.13818362874925608,0.432223077426437,5.518786315787643,11.278145536102196,0.6108652381980263,15.000000000000178
80.88088088088088,0.5354675598486626,-0.13556268379830563,0.138183626052597,0.43451866352203744,5.463543060181053,11.29197773103687,0.6108652381980263,15.000000000000174
80.98098098098099,0.5354675193526858,-0.1355626759253494,0.13818362339797233,0.43757814035225207,5.408336857766444,11.305809925703702,0.6108652381980265,15.000000000000172
81.08108108108108,0.53546747948793,-0.1355626681751105,0.13818362078472626,0.44140092301518014,5.3531782612503,11.319642120106872,0.6108652381980268,15.00000000000017
81.18118118118119,0.535467440244544,-0.13556266054567379,0.138183618212213,0.4459862806589259,5.298077813838357,11.333474314250497,0.6108652381980273,15.000000000000167
81.28128128128128,0.5354674016128288,-0.13556265303515366,0.13818361567979673,0.45133333648159574,5.243046049235647,11.347306508138624,0.6108652381980278,15.000000000000165
81.38138138138139,0.535467363583239,-0.1355626456416944,0.13818361318685168,0.45744106773130055,5.188093491646462,11.361138701775243,0.6108652381980284,15.000000000000165
81.48148148148148,0.5354673261463818,-0.13556263836346996,0.1381836107327621,0.4643083057061539,5.133230655774384,11.374970895164275,0.610865238198029,15.000000000000165
81.58158158158159,0.5354672892930176,-0.13556263119868397,0.13818360831692222,0.4719337357542736,5.0784680468222625,11.388803088309581,0.6108652381980294,15.000000000000165
81.68168168168168,0.5354672530140593,-0.1355626241455699,0.13818360593873635,0.4803158972737801,5.02381616049223,11.402635281214959,0.6108652381980296,15.000000000000167
81.78178178178179,0.5354672173005498,-0.13556261720238635,0.13818360359761725,0.4894531876846014,4.969285457125776,11.416467473884149,0.6108652381980297,15.000000000000169
81.88188188188188,0.535467182143651,-0.13556261036741504,0.13818360129298562,0.4993438633187079,4.914886337981467,11.43029966632084,0.6108652381980296,15.000000000000167
81.98198198198199,0.5354671475347192,-0.1355626036389756,0.1381835990242749,0.5099860263147039,4.860629232309258,11.444131858528644,0.6108652381980295,15.000000000000163
82.08208208208208,0.5354671134652369,-0.13556259701541207,0.13818359679092676,0.5213776369354958,4.806524534928543,11.45796405051112,0.6108652381980294,15.00000000000016
82.18218218218219,0.5354670799268085,-0.13556259049509226,0.13818359459239082,0.5335165141546372,4.75258260284656,11.471796242271774,0.6108652381980294,15.000000000000158
82.28228228228228,0.535467046911161,-0.13556258407640778,0.1381835924281248,0.5464003356563165,4.698813755258454,11.48562843381406,0.6108652381980294,15.00000000000016
82.38238238238239,0.5354670144101438,-0.13556257775777408,0.13818359029759444,0.5600266378353695,4.645228273547222,11.499460625141387,0.6108652381980294,15.000000000000167
82.48248248248248,0.5354669824157285,-0.13556257153763038,0.1381835882002734,0.5743928157972663,4.5918364012837625,11.513292816257103,0.6108652381980295,15.000000000000176
82.58258258258259,0.5354669509200095,-0.1355625654144397,0.13818358613564344,0.589496123358125,4.538648344226828,11.527125007164514,0.6108652381980297,15.000000000000188
82.68268268268268,0.5354669199152033,-0.13556255938668882,0.13818358410319434,0.6053336730446974,4.485674270323072,11.540957197866868,0.6108652381980301,15.000000000000204
82.78278278278279,0.5354668893936488,-0.13556255345288834,0.13818358210242387,0.6219024360943857,4.432924309706996,11.55478938836737,0.6108652381980304,15.000000000000222
82.88288288288288,0.5354668593478075,-0.1355625476115727,0.1381835801328378,0.639199242455221,4.380408554701017,11.568621578669164,0.6108652381980307,15.000000000000238
82.98298298298299,0.5354668297702629,-0.13556254186130004,0.13818357819394997,0.6572207807858871,4.328137059815392,11.58245376877535,0.610865238198031,15.00000000000025
83.08308308308308,0.5354668006537214,-0.13556253620065237,0.13818357628528216,0.6759635984557023,4.276119841748279,11.596285958688977,0.6108652381980312,15.000000000000256
83.18318318318319,0.5354667719909982,-0.13556253062823287,0.13818357440636345,0.6954241079481529,4.224366861608598,11.610118148413042,0.6108652381980312,15.000000000000254
83.28328328328328,0.535466743775,-0.1355625251426626,0.13818357255672892,0.7155985965542606,4.172887991348856,11.62395033795051,0.610865238198031,15.000000000000249
83.38338338338339,0.5354667159987866,-0.1355625197425922,0.13818357073592355,0.7364831962456803,4.121693096872678,11.637782527304278,0.6108652381980307,15.000000000000243
83.48348348348348,0.5354666886555199,-0.13556251442669234,0.13818356894349912,0.7580739055074586,4.070791985213657,11.651614716477203,0.6108652381980304,15.000000000000238
83.58358358358359,0.5354666617384611,-0.13556250919365287,0.13818356717901384,0.7803665912815857,4.020194399449431,11.665446905472104,0.6108652381980303,15.000000000000234
83.68368368368368,0.5354666352409697,-0.13556250404218276,0.1381835654420324,0.8033569889669715,3.9699100187017398,11.679279094291747,0.6108652381980303,15.000000000000233
83.78378378378379,0.5354666091565038,-0.1355624989710102,0.1381835637321259,0.8270407024194706,3.919948458136373,11.693111282938872,0.6108652381980305,15.000000000000231
83.88388388388388,0.5354665834786201,-0.13556249397888256,0.13818356204887203,0.8514132039518547,3.8703192689632244,11.706943471416166,0.610865238198031,15.000000000000233
83.98398398398399,0.5354665582009741,-0.1355624890645664,0.13818356039185486,0.8764698343338433,3.8210319384362306,11.72077565972628,0.6108652381980315,15.000000000000236
84.08408408408408,0.5354665333173196,-0.13556248422684733,0.13818355876066496,0.9022058027920719,3.772095889853435,11.734607847871823,0.6108652381980322,15.000000000000242
84.18418418418419,0.5354665088215096,-0.13556247946453032,0.13818355715489936,0.9286161870101217,3.723520482556929,11.748440035855364,0.6108652381980328,15.000000000000247
84.28428428428428,0.5354664847074949,-0.1355624747764394,0.13818355557416157,0.9556959331284933,3.6753150119329017,11.762272223679426,0.6108652381980335,15.000000000000252
84.38438438438439,0.5354664609693256,-0.1355624701614178,0.1381835540180616,0.9834398557446313,3.6274887094115966,11.7761044113465,0.6108652381980341,15.000000000000258
84.48448448448448,0.53546643760115,-0.13556246561832783,0.1381835524862159,1.0118426381328345,3.580050742105919,11.789936598859025,0.6108652381980342,15.000000000000261
84.58458458458459,0.5354664145971868,-0.1355624611460456,0.13818355097824533,1.0408988567651256,3.5330101706631796,11.803768786219422,0.6108652381980343,15.000000000000266
84.68468468468468,0.5354663919517623,-0.135562456743468,0.13818354949377795,1.0706029534896702,3.486375990746137,11.817600973430054,0.6108652381980345,15.000000000000277
84.78478478478479,0.5354663696593048,-0.13556245240951187,0.13818354803244856,1.1009492346073904,3.44015713935027,11.831433160493251,0.6108652381980348,15.00000000000029
84.88488488488488,0.5354663477143231,-0.13556244814310964,0.1381835465938972,1.1319318889552452,3.3943624663114624,11.845265347411308,0.6108652381980351,15.0000000000003
84.98498498498499,0.5354663261114053,-0.13556244394320918,0.13818354517776912,1.1635449879062656,3.3490007343059465,11.859097534186485,0.6108652381980352,15.000000000000306
85.08508508508508,0.53546630484522,-0.13556243980877394,0.13818354378371484,1.195782485369519,3.304080618850357,11.872929720821007,0.6108652381980352,15.000000000000307
85.18518518518519,0.535466283910515,-0.13556243573878293,0.13818354241139005,1.2286382177901447,3.25961070830168,11.886761907317071,0.6108652381980351,15.000000000000304
85.28528528528528,0.5354662633021184,-0.13556243173223062,0.13818354106045577,1.2621059041493186,3.2155995038573035,11.900594093676835,0.6108652381980347,15.000000000000293
85.38538538538539,0.5354662430149384,-0.13556242778812705,0.13818353973057812,1.2961791459642897,3.1720554195549653,11.914426279902427,0.6108652381980343,15.000000000000279
85.48548548548548,0.5354662230439625,-0.1355624239054978,0.13818353842142855,1.3308514272883416,3.128986782272807,11.928258465995938,0.6108652381980337,15.000000000000261
85.58558558558559,0.5354662033842585,-0.13556242008338393,0.1381835371326837,1.3661161147108316,3.086401831729319,11.942090651959434,0.6108652381980332,15.000000000000243
85.68568568568568,0.5354661840309741,-0.1355624163208421,0.13818353586402543,1.4019664573571498,3.0443087204833983,11.955922837794935,0.6108652381980327,15.00000000000023
85.78578578578579,0.5354661649793366,-0.1355624126169444,0.1381835346151409,1.438395586888767,3.002715513934284,11.96975502350444,0.6108652381980324,15.000000000000222
85.88588588588588,0.5354661462246422,-0.13556240897077637,0.1381835333857217,1.475396533210862,2.9616301723501652,11.983587209089912,0.6108652381980324,15.00000000000022
85.98598598598599,0.5354661277622536,-0.13556240538143652,0.138183532175464,1.5129622317089737,2.9210605391035354,11.997419394553289,0.6108652381980322,15.000000000000215
86.08608608608608,0.535466109587629,-0.13556240184804186,0.13818353098407005,1.55108548144167,2.8810143892152,12.011251579896463,0.6108652381980321,15.00000000000021
86.18618618618619,0.5354660916962928,-0.13556239836972223,0.1381835298112464,1.5897589805331374,2.841499392046407,12.025083765121309,0.610865238198032,15.000000000000203
86.28628628628628,0.5354660740838337,-0.13556239494562003,0.1381835286567039,1.6289753274658976,2.802523109876037,12.038915950229667,0.6108652381980318,15.0000000000002
86.38638638638639,0.5354660567459061,-0.1355623915748904,0.13818352752015772,1.6687270210808542,2.764092997900555,12.052748135223355,0.6108652381980317,15.0000000000002
86.48648648648648,0.5354660396782285,-0.135562388256701,0.13818352640132717,1.709006460577245,2.7262164042340586,12.066580320104157,0.6108652381980317,15.000000000000204
86.58658658658659,0.535466022876585,-0.13556238499023213,0.13818352529993586,1.7498059455126878,2.688900569908232,12.080412504873838,0.6108652381980318,15.000000000000211
86.68668668668668,0.5354660063368241,-0.13556238177467678,0.13818352421571165,1.7911176758031357,2.6521526288723893,12.09424468953413,0.610865238198032,15.000000000000224
86.78678678678679,0.5354659900548595,-0.13556237860924047,0.13818352314838672,1.8329337517229256,2.61597960799343,12.10807687408674,0.6108652381980321,15.000000000000236
86.88688688688688,0.5354659740266697,-0.13556237549314143,0.13818352209769744,1.8752461739047257,2.580388427055887,12.121909058533348,0.6108652381980322,15.000000000000249
86.98698698698699,0.5354659582482985,-0.13556237242561042,0.13818352106338447,1.9180468433395856,2.545385898761879,12.135741242875607,0.6108652381980324,15.00000000000026
87.08708708708708,0.5354659427158538,-0.1355623694058909,0.1381835200451927,1.961327561376891,2.5109787287311534,12.149573427115142,0.6108652381980325,15.000000000000265
87.18718718718719,0.535465927425503,-0.13556236643323769,0.13818351904287088,2.0050800419431076,2.477173505883834,12.163405611253554,0.6108652381980325,15.000000000000263
87.28728728728728,0.5354659123734631,-0.13556236350691533,0.13818351805617096,2.049295934359363,2.4439766820269533,12.177237795292424,0.6108652381980326,15.00000000000026
87.38738738738739,0.5354658975560306,-0.1355623606262038,0.13818351708485022,2.0939667645752498,2.4113946178081425,12.191069979233298,0.6108652381980326,15.000000000000256
87.48748748748748,0.5354658829695568,-0.13556235779039374,0.13818351612866944,2.139083975863827,2.379433553589463,12.2049021630777,0.6108652381980326,15.000000000000252
87.58758758758759,0.5354658686104461,-0.13556235499878616,0.13818351518739289,2.1846389328105413,2.3480996064304223,12.218734346827134,0.6108652381980327,15.000000000000249
87.68768768768768,0.5354658544751555,-0.13556235225069221,0.13818351426078834,2.230622921313179,2.3173987700880128,12.232566530483076,0.6108652381980327,15.000000000000247
87.78778778778779,0.5354658405601951,-0.13556234954543342,0.13818351334862702,2.2770271485819102,2.2873369150166747,12.246398714046988,0.6108652381980328,15.000000000000247
87.88788788788789,0.5354658268621274,-0.1355623468823415,0.1381835124506836,2.323842743139245,2.2579197883683317,12.260230897520302,0.610865238198033,15.000000000000247
87.98798798798799,0.5354658133775683,-0.13556234426075855,0.13818351156673622,2.3710607548200846,2.2291530139923545,12.274063080904435,0.6108652381980331,15.000000000000249
88.08808808808809,0.535465800103186,-0.1355623416800368,0.1381835106965665,2.4186721547716594,2.2010420924355993,12.287895264200776,0.6108652381980331,15.000000000000252
88.18818818818819,0.5354657870357019,-0.13556233913953886,0.1381835098399595,2.466667835453592,2.173592400942371,12.301727447410695,0.6108652381980332,15.000000000000256
88.28828828828829,0.5354657741718901,-0.13556233663863757,0.13818350899670376,2.5150386106378453,2.1468091934544535,12.31555963053554,0.6108652381980332,15.000000000000258
88.38838838838839,0.5354657615085775,-0.135562334176716,0.1381835081665913,2.56377521540877,2.120697600611082,12.329391813576638,0.6108652381980332,15.00000000000026
88.48848848848849,0.5354657490426402,-0.13556233175316684,0.13818350734941734,2.612868316243478,2.0952626244597545,12.343223996535292,0.6108652381980332,15.00000000000026
88.58858858858859,0.535465736770993,-0.13556232936739035,0.1381835065449796,2.6623085443974293,2.0705091189823586,12.357056179412792,0.6108652381980332,15.000000000000265
88.68868868868869,0.5354657246906159,-0.13556232701879936,0.13818350575308014,2.7120864263385864,2.0464418258689925,12.370888362210396,0.6108652381980333,15.000000000000272
88.78878878878879,0.5354657127985347,-0.13556232470681567,0.13818350497352397,2.7621924263523563,2.023065354851547,12.38472054492935,0.6108652381980334,15.000000000000279
88.88888888888889,0.5354657010918183,-0.13556232243086935,0.13818350420611894,2.8126169535566867,2.00038418019322,12.398552727570875,0.6108652381980334,15.000000000000282
88.988988988989,0.5354656895675783,-0.13556232019039893,0.1381835034506757,2.8633503619021208,1.978402640688487,12.412384910136183,0.6108652381980333,15.000000000000282
89.08908908908909,0.5354656782229696,-0.13556231798485122,0.1381835027070078,2.9143829501717415,1.9571249396631292,12.426217092626455,0.6108652381980332,15.000000000000277
89.1891891891892,0.5354656670551899,-0.13556231581368147,0.13818350197493148,2.96570496198123,1.936555144974206,12.440049275042869,0.610865238198033,15.000000000000266
89.28928928928929,0.5354656560614801,-0.13556231367635324,0.1381835012542659,3.017306585778804,1.916697189010082,12.45388145738657,0.6108652381980327,15.000000000000252
89.3893893893894,0.5354656452391238,-0.13556231157233847,0.138183500544833,3.069177954845282,1.897554868690401,12.467713639658701,0.6108652381980324,15.000000000000236
89.48948948948949,0.5354656345854479,-0.13556230950111747,0.13818349984645753,3.1213091472940184,1.8791318454661103,12.48154582186037,0.6108652381980321,15.000000000000218
89.5895895895896,0.5354656240978223,-0.13556230746217884,0.13818349915896708,3.173690186070963,1.8614316453194393,12.495378003992682,0.6108652381980318,15.000000000000204
89.68968968968969,0.5354656137736595,-0.13556230545501968,0.13818349848219205,3.226311038954616,1.844457658763916,12.509210186056716,0.6108652381980316,15.000000000000195
89.7897897897898,0.5354656036104135,-0.13556230347914494,0.1381834978159655,3.2791616252787223,1.8282131387783784,12.523042368053535,0.6108652381980316,15.000000000000197
89.88988988988989,0.5354655936055683,-0.13556230153406548,0.13818349716012254,3.3322318600950696,1.8127011856478474,12.536874549984189,0.6108652381980315,15.000000000000195
89.98998998999,0.5354655837566611,-0.13556229961930247,0.1381834965145017,3.38551157747018,1.7979247693236495,12.550706731849708,0.6108652381980312,15.000000000000192
90.09009009009009,0.5354655740612673,-0.13556229773438455,0.1381834958789441,3.4389905693600085,1.7838867200934265,12.564538913651104,0.610865238198031,15.00000000000019
90.1901901901902,0.5354655645169978,-0.13556229587884727,0.1381834952532931,3.492658598059734,1.7705897250138602,12.578371095389375,0.6108652381980307,15.000000000000188
90.29029029029029,0.5354655551214982,-0.1355622940522329,0.13818349463739438,3.5465053962037016,1.7580363279106885,12.592203277065506,0.6108652381980307,15.00000000000019
90.3903903903904,0.5354655458724491,-0.1355622922540905,0.13818349403109587,3.6005206667654797,1.7462289293786897,12.606035458680465,0.610865238198031,15.000000000000197
90.49049049049049,0.5354655367675661,-0.13556229048397594,0.13818349343424782,3.654694083057804,1.7351697867816966,12.619867640235203,0.6108652381980313,15.000000000000206
90.5905905905906,0.5354655278045996,-0.13556228874145188,0.1381834928467028,3.7090152887326355,1.724861014252584,12.633699821730666,0.6108652381980317,15.00000000000022
90.69069069069069,0.535465518981335,-0.1355622870260878,0.1381834922683156,3.7634738977810973,1.7153045826932807,12.647532003167772,0.6108652381980324,15.000000000000234
90.7907907907908,0.5354655102955926,-0.1355622853374599,0.1381834916989434,3.8180594945335375,1.7065023197747584,12.661364184547436,0.6108652381980331,15.00000000000025
90.89089089089089,0.5354655017452279,-0.13556228367515127,0.13818349113844552,3.872761633659477,1.6984559099370407,12.675196365870553,0.6108652381980337,15.000000000000265
90.990990990991,0.5354654933281309,-0.1355622820387517,0.1381834905866837,3.927569840167654,1.6911668943891955,12.689028547138005,0.6108652381980342,15.000000000000275
91.09109109109109,0.5354654850422266,-0.13556228042785778,0.13818349004352193,3.9824736104010046,1.684636671001203,12.702860728350657,0.6108652381980343,15.000000000000277
91.1911911911912,0.5354654768854642,-0.13556227884207084,0.13818348950882575,4.037462461938927,1.6788664878198276,12.716692909509367,0.6108652381980343,15.000000000000274
91.29129129129129,0.5354654688558326,-0.13556227728099987,0.13818348898246333,4.092525873832443,1.6738574474619505,12.730525090614973,0.6108652381980344,15.000000000000272
91.3913913913914,0.5354654609513565,-0.1355622757442608,0.13818348846430517,4.147653292766285,1.66961050896285,12.744357271668305,0.6108652381980346,15.000000000000268
91.49149149149149,0.5354654531700888,-0.13556227423147515,0.1381834879542236,4.202834162661811,1.666126485116194,12.758189452670168,0.6108652381980347,15.000000000000265
91.5915915915916,0.5354654455101104,-0.1355622727422698,0.13818348745209286,4.258057924677064,1.6634060424740365,12.772021633621371,0.6108652381980347,15.000000000000261
91.69169169169169,0.5354654379695313,-0.13556227127627726,0.138183486957789,4.313314017206709,1.66144970134682,12.785853814522701,0.6108652381980348,15.000000000000261
91.7917917917918,0.5354654305464889,-0.1355622698331355,0.13818348647118997,4.3685918758821005,1.6602578358033737,12.799685995374936,0.6108652381980348,15.00000000000026
91.89189189189189,0.5354654232391495,-0.13556226841248795,0.13818348599217553,4.4238809335712155,1.6598306736709152,12.81351817617884,0.6108652381980347,15.000000000000261
91.991991991992,0.5354654160457072,-0.13556226701398358,0.13818348552062734,4.479170620378713,1.6601682965350493,12.82735035693517,0.6108652381980345,15.000000000000261
92.09209209209209,0.535465408964385,-0.13556226563727686,0.13818348505642886,4.534450363645884,1.6612706397397683,12.841182537644668,0.6108652381980344,15.000000000000263
92.1921921921922,0.5354654019934337,-0.13556226428202775,0.1381834845994655,4.589709587950697,1.6631374923874525,12.855014718308064,0.6108652381980342,15.000000000000266
92.29229229229229,0.5354653951311327,-0.13556226294790175,0.13818348414962445,4.644937715107748,1.665768497338869,12.868846898926076,0.610865238198034,15.000000000000266
92.3923923923924,0.5354653883757894,-0.13556226163456983,0.1381834837067948,4.700124164168321,1.6691631512131733,12.882679079499413,0.6108652381980338,15.000000000000268
92.49249249249249,0.5354653817257368,-0.13556226034170782,0.13818348327086727,4.755258368796907,1.673320805603331,12.896511260028769,0.6108652381980338,15.000000000000268
92.5925925925926,0.5354653751793284,-0.1355622590689957,0.13818348284173387,4.810329810618846,1.678240667206247,12.910343440514835,0.6108652381980341,15.000000000000275
92.69269269269269,0.5354653687349543,-0.1355622578161204,0.1381834824192891,4.865327933757316,1.6839217915177804,12.924175620958277,0.6108652381980344,15.000000000000286
92.7927927927928,0.5354653623910283,-0.13556225658277365,0.13818348200342895,4.920242201383414,1.6903630893686938,12.938007801359765,0.6108652381980346,15.000000000000298
92.89289289289289,0.535465356145987,-0.13556225536865144,0.13818348159405094,4.975062101420913,1.697563327434102,12.951839981719948,0.6108652381980348,15.000000000000306
92.992992992993,0.5354653499982901,-0.1355622541734543,0.13818348119105409,5.029777146546318,1.7055211282334797,12.965672162039471,0.6108652381980348,15.000000000000309
93.09309309309309,0.5354653439464199,-0.13556225299688715,0.13818348079433893,5.084376874188809,1.7142349701306532,12.979504342318966,0.6108652381980347,15.000000000000306
93.1931931931932,0.5354653379888812,-0.1355622518386594,0.13818348040380743,5.138850846530298,1.7237031873338096,12.99333652255906,0.6108652381980344,15.000000000000295
93.29329329329329,0.5354653321242023,-0.13556225069848482,0.1381834800193631,5.193188650505371,1.7339239698954863,13.007168702760364,0.6108652381980338,15.000000000000279
93.3933933933934,0.5354653263509339,-0.1355622495760817,0.13818347964091096,5.24737989780135,1.7448953637125835,13.02100088292349,0.6108652381980332,15.00000000000026
93.49349349349349,0.5354653206676495,-0.1355622484711727,0.13818347926835747,5.301414224858225,1.7566152705263485,13.034833063049025,0.6108652381980324,15.000000000000236
93.5935935935936,0.5354653150729457,-0.135562247383485,0.13818347890161067,5.3552812928687255,1.7690814479223942,13.048665243137561,0.6108652381980317,15.000000000000213
93.69369369369369,0.5354653095654415,-0.13556224631275007,0.13818347854058002,5.408970787778253,1.7822915093306806,13.062497423189674,0.6108652381980312,15.000000000000195
93.7937937937938,0.535465304143779,-0.13556224525870397,0.13818347818517648,5.462472420284949,1.796242924025533,13.076329603205934,0.6108652381980308,15.000000000000188
93.89389389389389,0.5354652988066188,-0.13556224422108626,0.1381834778353123,5.515775956680166,1.810933025163266,13.090161783186895,0.610865238198031,15.000000000000188
93.993993993994,0.5354652935526413,-0.13556224319964036,0.1381834774909009,5.568871221672682,1.8263590075868052,13.10399396313311,0.6108652381980312,15.000000000000188
94.09409409409409,0.5354652883805545,-0.1355622421941152,0.1381834771518577,5.621748035908014,1.8425179124507038,13.11782614304512,0.6108652381980315,15.000000000000187
94.1941941941942,0.5354652832890853,-0.1355622412042632,0.13818347681809917,5.674396270678274,1.8594066437932593,13.131658322923457,0.6108652381980317,15.000000000000185
94.29429429429429,0.5354652782769787,-0.13556224022984034,0.13818347648954307,5.726805849003696,1.877021968840749,13.145490502768642,0.610865238198032,15.000000000000183
94.3943943943944,0.5354652733429981,-0.13556223927060632,0.13818347616610835,5.7789667456326885,1.8953605180074518,13.159322682581195,0.6108652381980318,15.000000000000181
94.49449449449449,0.5354652684859255,-0.13556223832632422,0.13818347584771515,5.830868987041779,1.9144187848956253,13.173154862361622,0.6108652381980316,15.00000000000018
94.5945945945946,0.5354652637045609,-0.13556223739676085,0.13818347553428484,5.882502651435671,1.9341931262955292,13.18698704211043,0.6108652381980312,15.00000000000018
94.69469469469469,0.5354652589977228,-0.13556223648168644,0.1381834752257399,5.933857868747191,1.9546797621854017,13.200819221828104,0.6108652381980306,15.00000000000018
94.7947947947948,0.5354652543642483,-0.13556223558087488,0.13818347492200417,5.984924820637336,1.9758747757314825,13.214651401515136,0.6108652381980298,15.00000000000018
94.89489489489489,0.5354652498029924,-0.13556223469410367,0.1381834746230025,6.035693740495227,1.9977741132879903,13.228483581172,0.6108652381980291,15.00000000000018
94.994994994995,0.5354652453128287,-0.13556223382115373,0.13818347432866115,6.0861549134381585,2.020373584397146,13.24231576079917,0.6108652381980283,15.00000000000018
95.09509509509509,0.5354652408926492,-0.1355622329618097,0.13818347403890743,6.136298676311542,2.0436688617891465,13.256147940397108,0.6108652381980276,15.00000000000018
95.1951951951952,0.5354652365413644,-0.13556223211585972,0.13818347375366988,6.186115417688971,2.067655481382196,13.269980119966268,0.6108652381980274,15.000000000000178
95.29529529529529,0.5354652322578982,-0.1355622312830946,0.13818347347287802,6.235595615604582,2.0923288602081787,13.283812299507103,0.6108652381980275,15.00000000000018
95.3953953953954,0.5354652280411927,-0.1355622304633087,0.13818347319646246,6.284729818306713,2.117684283757111,13.29764447902005,0.6108652381980277,15.000000000000188
95.49549549549549,0.5354652238902109,-0.1355622296563004,0.1381834729243553,6.333508606476209,2.143716889871474,13.311476658505544,0.610865238198028,15.000000000000199
95.5955955955956,0.535465219803931,-0.13556222886187103,0.1381834726564895,6.3819226375758635,2.170421691911089,13.325308837964013,0.6108652381980282,15.000000000000208
95.69569569569569,0.5354652157813454,-0.1355622280798247,0.13818347239279902,6.4299626459200905,2.1977935787878753,13.339141017395875,0.6108652381980283,15.000000000000213
95.7957957957958,0.5354652118214619,-0.13556222730996853,0.13818347213321883,6.477619442674978,2.225827314965878,13.352973196801548,0.6108652381980283,15.000000000000213
95.89589589589589,0.5354652079233023,-0.13556222655211234,0.1381834718776848,6.524883915858238,2.2545175404612374,13.366805376181437,0.610865238198028,15.000000000000204
95.995995995996,0.535465204085904,-0.13556222580606897,0.1381834716261338,6.571747030339261,2.2838587708422238,13.380637555535948,0.6108652381980275,15.00000000000019
96.09609609609609,0.5354652003083185,-0.13556222507165402,0.1381834713785037,6.618199827839057,2.313845397229199,13.394469734865474,0.610865238198027,15.000000000000169
96.1961961961962,0.5354651965896124,-0.13556222434868606,0.13818347113473328,6.664233426930314,2.3444716862946557,13.408301914170407,0.6108652381980263,15.000000000000146
96.29629629629629,0.5354651929288671,-0.13556222363698645,0.13818347089476232,6.70983902303734,2.375731780263179,13.422134093451128,0.6108652381980255,15.000000000000119
96.3963963963964,0.5354651893251784,-0.13556222293637946,0.1381834706585316,6.755007888436122,2.407619696911483,13.435966272708018,0.6108652381980249,15.000000000000096
96.49649649649649,0.5354651857776574,-0.13556222224669223,0.13818347042598272,6.7997313722542705,2.440129329568378,13.449798451941446,0.6108652381980244,15.00000000000008
96.5965965965966,0.5354651822854295,-0.13556222156775474,0.13818347019705848,6.844000900961757,2.4732544474886944,13.46363063115178,0.6108652381980243,15.000000000000076
96.69669669669669,0.5354651788476305,-0.13556222089939896,0.1381834699717021,6.887808021731191,2.5069887275349947,13.477462810339377,0.6108652381980244,15.000000000000076
96.7967967967968,0.5354651754634124,-0.13556222024146006,0.1381834697498581,6.931144357098192,2.5413257166410808,13.491294989504594,0.6108652381980245,15.000000000000075
96.89689689689689,0.5354651721319429,-0.13556221959377618,0.1381834695314719,6.974001600835667,2.5762588320933864,13.505127168647777,0.6108652381980247,15.000000000000073
96.996996996997,0.5354651688524016,-0.1355622189561879,0.13818346931648973,7.0163715458187115,2.6117813836036854,13.518959347769272,0.6108652381980249,15.00000000000007
97.09709709709709,0.5354651656239798,-0.13556221832853796,0.13818346910485862,7.058246084024559,2.6478865733090484,13.532791526869412,0.6108652381980249,15.000000000000068
97.1971971971972,0.5354651624458808,-0.13556221771067148,0.13818346889652633,7.099617206532631,2.684567495771889,13.546623705948534,0.6108652381980247,15.000000000000068
97.29729729729729,0.53546515931732,-0.1355622171024359,0.13818346869144146,7.140477003524491,2.721817137979914,13.560455885006961,0.6108652381980245,15.00000000000007
97.3973973973974,0.5354651562375242,-0.13556221650368094,0.13818346848955332,7.180817664283883,2.7596283793461747,13.574288064045021,0.6108652381980242,15.000000000000073
97.49749749749749,0.5354651532057325,-0.13556221591425868,0.138183468290812,7.2206314771967,2.7979939917090184,13.588120243063027,0.6108652381980237,15.000000000000078
97.5975975975976,0.5354651502211958,-0.1355622153340234,0.13818346809516835,7.259910829751013,2.836906639332132,13.601952422061299,0.6108652381980233,15.000000000000083
97.69769769769769,0.5354651472831767,-0.1355622147628318,0.13818346790257408,7.298648208537042,2.876358878904503,13.615784601040136,0.6108652381980229,15.00000000000009
97.7977977977978,0.5354651443909499,-0.13556221420054287,0.13818346771298157,7.336836199247182,2.9163431595404523,13.62961677999985,0.6108652381980224,15.000000000000096
97.89789789789789,0.5354651415438019,-0.13556221364701784,0.13818346752634406,7.374467486675984,2.95685182277961,13.64344895894073,0.6108652381980222,15.0000000000001
97.997997997998,0.5354651387410306,-0.1355622131021203,0.13818346734261544,7.411534857578206,2.9978771057675098,13.65728113786308,0.6108652381980222,15.000000000000098
98.09809809809809,0.5354651359819422,-0.1355622125657152,0.13818346716175028,7.448031239997018,3.039411182817388,13.67111331676718,0.6108652381980223,15.0000000000001
98.1981981981982,0.5354651332658569,-0.13556221203767055,0.13818346698370412,7.483949647280535,3.0814461004502385,13.684945495653318,0.6108652381980223,15.000000000000103
98.29829829829829,0.5354651305921065,-0.1355622115178564,0.13818346680843313,7.519283196467997,3.123973802156949,13.698777674521772,0.6108652381980223,15.000000000000107
98.3983983983984,0.5354651279600325,-0.1355622110061447,0.13818346663589415,7.55402512232312,3.1669861446269736,13.712609853372818,0.6108652381980223,15.00000000000011
98.49849849849849,0.5354651253689858,-0.1355622105024093,0.1381834664660446,7.588168777334058,3.21047489774828,13.726442032206727,0.6108652381980223,15.00000000000011
98.5985985985986,0.5354651228183269,-0.13556221000652585,0.13818346629884262,7.621707631713445,3.2544317446074023,13.740274211023767,0.6108652381980222,15.000000000000105
98.69869869869869,0.5354651203074259,-0.13556220951837186,0.13818346613424687,7.65463527339835,3.29884828148939,13.754106389824198,0.6108652381980221,15.000000000000098
98.7987987987988,0.5354651178356623,-0.13556220903782676,0.13818346597221667,7.686945408050324,3.343716017877856,13.767938568608283,0.610865238198022,15.000000000000087
98.89889889889889,0.5354651154024254,-0.13556220856477177,0.13818346581271201,7.7186318590553515,3.389026376454931,13.781770747376273,0.6108652381980219,15.000000000000073
98.998998998999,0.5354651130071139,-0.13556220809909003,0.13818346565569348,7.749688567523899,3.434770693101309,13.795602926128424,0.6108652381980217,15.000000000000059
99.09909909909909,0.5354651106491362,-0.13556220764066648,0.13818346550112223,7.78010959229087,3.480940216896201,13.80943510486498,0.6108652381980216,15.000000000000044
99.1991991991992,0.53546510832791,-0.13556220718938797,0.13818346534896014,7.809889109915643,3.52752611011738,13.823267283586185,0.6108652381980215,15.000000000000034
99.29929929929929,0.5354651060428631,-0.13556220674514313,0.13818346519916966,7.8390214146820405,3.5745194482411393,13.837099462292278,0.6108652381980215,15.000000000000028
99.3993993993994,0.5354651037934323,-0.13556220630782256,0.13818346505171386,7.867500922207027,3.6219112251930508,13.850931640983497,0.6108652381980215,15.00000000000003
99.49949949949949,0.5354651015790624,-0.13556220587731835,0.1381834649065564,7.895322192521365,3.669692386499915,13.864763819660066,0.6108652381980216,15.000000000000032
99.5995995995996,0.5354650993992072,-0.13556220545352424,0.13818346476366145,7.922479904009886,3.7178537917721477,13.878595998322222,0.6108652381980217,15.000000000000032
99.69969969969969,0.5354650972533286,-0.13556220503633568,0.13818346462299377,7.948968860794213,3.7663862266399444,13.892428176970183,0.6108652381980217,15.00000000000003
99.7997997997998,0.5354650951408971,-0.13556220462564966,0.13818346448451865,7.974783995710139,3.8152804071601722,13.906260355604175,0.6108652381980216,15.000000000000028
99.89989989989989,0.5354650930613913,-0.13556220422136486,0.1381834643482019,7.9999203703075965,3.864526979816316,13.920092534224413,0.6108652381980216,15.000000000000027
100.0,0.5354650910142978,-0.13556220382338147,0.13818346421400984,8.024373174850684,3.914116521518534,13.933924712831113,0.6108652381980216,15.000000000000027
