time,u,v,r,x,y,ψ,δ,n_p
0.0,1.2,0.0,0.0,0.0,0.0,0.0,0.6108652381980153,15.0
0.1001001001001001,1.1980710276376336,-0.004524836813779894,0.01073300730083607,0.12002314900529766,-0.00019837041694598052,0.0005474947485393873,0.6108652381980153,15.0
0.2002002002002002,1.1961818316820938,-0.009695073595811782,0.02036247109306455,0.23985628550174193,-0.0007555660755931366,0.0021119977974680833,0.6108652381980152,14.999999999999998
0.3003003003003003,1.1942982761526177,-0.015383566485173264,0.02911579948226789,0.35950356915400156,-0.0016144380782756203,0.004594885645853475,0.6108652381980151,14.999999999999996
0.4004004004004004,1.1923895415669752,-0.021487714132843852,0.03717149811706564,0.47896697360389157,-0.0027174566833289746,0.007917751509728949,0.610865238198015,14.999999999999993
0.5005005005005005,1.19042766059768,-0.027923868650483148,0.044669565958733864,0.5982464054150796,-0.004006687575609164,0.012018054581531375,0.6108652381980151,14.999999999999995
0.6006006006006006,1.1883870967471943,-0.03462302596843379,0.051719416133170326,0.7173397827881556,-0.005423771552811526,0.016845679161824254,0.6108652381980151,15.000000000000002
0.7007007007007007,1.1862444002434103,-0.04152745899801271,0.05840600326971633,0.8362430831532639,-0.00690991391778842,0.022360192918024536,0.6108652381980151,14.999999999999996
0.8008008008008008,1.1839779524813614,-0.04858806978910511,0.06479462161366953,0.9549503679417685,-0.008405886750922699,0.028528648046481326,0.610865238198015,14.999999999999996
0.9009009009009009,1.1815677974266954,-0.055762307465336176,0.07093469695672125,1.0734537919846678,-0.009852046183518547,0.03532381036126489,0.610865238198015,14.999999999999998
1.001001001001001,1.1789955514993995,-0.06301253913540537,0.07686281068204016,1.1917436040781344,-0.011188366653968404,0.0427227277391917,0.610865238198015,14.999999999999996
1.1011011011011012,1.1762443802899032,-0.07030478961394616,0.08260513316621032,1.3098081443512681,-0.0123544941608311,0.05070557056935539,0.610865238198015,15.0
1.2012012012012012,1.1732990290738654,-0.07760778461107237,0.0881794025142318,1.4276338432685256,-0.01328982052349301,0.05925469189779652,0.610865238198015,14.999999999999996
1.3013013013013013,1.1701458936016895,-0.08489224648772022,0.09359655158878001,1.545205226362319,-0.013933580329854364,0.0683538676691657,0.610865238198015,14.999999999999996
1.4014014014014013,1.1667731178089773,-0.09213040022298158,0.09886206469493883,1.6625049280753068,-0.014224971861470712,0.07798768541056365,0.6108652381980147,14.999999999999993
1.5015015015015014,1.163170705958312,-0.09929565518134702,0.10397712693190761,1.7795137176000915,-0.014103303228791402,0.08814105682831196,0.6108652381980151,15.0
1.6016016016016017,1.1593306362721834,-0.1063624360099383,0.10893960621428565,1.8962105391112642,-0.013508163338916834,0.09879883850322745,0.610865238198015,14.999999999999998
1.7017017017017018,1.1552469648899923,-0.11330613435148049,0.113744904449349,2.0125725679169766,-0.012379616727046468,0.10994554472507148,0.6108652381980151,15.0
1.8018018018018018,1.150915911391158,-0.12010315247054891,0.11838670920691745,2.128575282900442,-0.010658420651676132,0.12156513732769128,0.6108652381980147,14.999999999999991
1.901901901901902,1.1463359162251725,-0.12673102573751197,0.12285765732689381,2.2441925578297006,-0.00828626458325977,0.13364088715097278,0.6108652381980151,15.0
2.002002002002002,1.1415076617189341,-0.13316859928440808,0.1271499040092456,2.3593967696662794,-0.005206022486627904,0.14615530196814386,0.6108652381980151,15.0
2.1021021021021022,1.1364340573908436,-0.13939622580669614,0.13125563840412363,2.47415892210943,-0.0013620181333350962,0.15909009976662764,0.610865238198015,14.999999999999996
2.2022022022022023,1.1311201791990115,-0.14539598919188995,0.1351675175213907,2.5884487892409633,0.0032996986844831956,0.17242623750025463,0.610865238198015,14.999999999999995
2.3023023023023024,1.1255731704119596,-0.1511519136065269,0.1388790184199241,2.702235068145628,0.008831084171142188,0.18614397679323452,0.6108652381980149,14.999999999999995
2.4024024024024024,1.1198021015269808,-0.15665014990812126,0.1423847494326152,2.8154855474098146,0.015281827409377405,0.20022297721399895,0.6108652381980149,14.999999999999995
2.5025025025025025,1.113817791299246,-0.16187914065609985,0.1456806468261815,2.928167285597021,0.022699096496211827,0.21464242887557086,0.6108652381980149,14.999999999999995
2.6026026026026026,1.107632606499244,-0.16682972054164513,0.14876414863629572,3.040246790949857,0.031127300757987135,0.22938118316596745,0.6108652381980149,14.999999999999995
2.7027027027027026,1.1012602242601237,-0.17149518785012283,0.1516342596800126,3.1516902159464335,0.04060787164987197,0.2444179189875383,0.6108652381980149,14.999999999999995
2.8028028028028027,1.094715398322762,-0.17587130629582837,0.15429158655720024,3.2624635381185745,0.051179081502060665,0.25973129086696384,0.6108652381980149,14.999999999999995
2.9029029029029028,1.0880136966688407,-0.17995625932956533,0.15673829794423086,3.3725327548561697,0.0628758832062975,0.27530009593937627,0.6108652381980149,14.999999999999995
3.003003003003003,1.0811712607602595,-0.18375056047405608,0.15897804231109433,3.4818640579392066,0.07572979556528364,0.2911034224571481,0.610865238198015,14.999999999999996
3.103103103103103,1.074204555464372,-0.18725690111011215,0.16101583627966373,3.5904240118699158,0.08976881896792936,0.30712079178085244,0.610865238198015,14.999999999999996
3.2032032032032034,1.067130143962757,-0.19047998818150838,0.16285789966839767,3.69817971562784,0.1050173903614527,0.3233322932847368,0.6108652381980151,15.0
3.3033033033033035,1.0599644784044124,-0.19342631983527642,0.16451150822219537,3.805098951974094,0.12149637899139273,0.3397186866999067,0.610865238198015,14.999999999999998
3.4034034034034035,1.0527237086867576,-0.1961039770764072,0.16598478483707524,3.911150329460137,0.13922310913949246,0.35626151239281284,0.610865238198015,14.999999999999995
3.5035035035035036,1.0454235281009965,-0.19852236880624038,0.16728654840222518,4.016303396405789,0.15821142795219426,0.372943150508419,0.6108652381980149,14.999999999999995
3.6036036036036037,1.0380790276405685,-0.20069200719136276,0.16842609761676522,4.120528756864229,0.1784717886235944,0.38974689988540484,0.6108652381980149,14.999999999999995
3.7037037037037037,1.0307045982647334,-0.20262425801418246,0.16941307769498076,4.223798148342647,0.20001137525558538,0.40665699818050693,0.6108652381980149,14.999999999999995
3.803803803803804,1.0233138343340302,-0.20433112671121156,0.170257284633262,4.326084527865184,0.22283423415285844,0.4236586679398898,0.610865238198015,14.999999999999996
3.903903903903904,1.0159194861728211,-0.20582503887672152,0.17096856167580624,4.427362115849367,0.24694143799143295,0.44073810548697046,0.6108652381980151,14.999999999999996
4.004004004004004,1.0085334087294366,-0.2071186559627041,0.17155663946466707,4.52760645193604,0.2723312503632865,0.457882497573854,0.6108652381980151,15.0
4.104104104104104,1.0011665545076984,-0.20822469920285347,0.17203106684666114,4.626794409071881,0.2989993119200272,0.47507998738662743,0.610865238198015,14.999999999999998
4.2042042042042045,0.9938289588583186,-0.20915580509309475,0.17240109116220576,4.724904221830441,0.32693882282518,0.4923196683353152,0.610865238198015,14.999999999999995
4.3043043043043046,0.9865297624652346,-0.2099243958084743,0.17267562242602374,4.821915475528515,0.3561407365449472,0.5095915346366519,0.610865238198015,14.999999999999995
4.404404404404405,0.979277222817447,-0.21054257685982647,0.17286315039418396,4.9178091118734715,0.38659394596880475,0.5268864599763168,0.610865238198015,14.999999999999995
4.504504504504505,0.9720787565451101,-0.21102205046531164,0.17297173788466716,5.01256739788526,0.41828547444748243,0.5441961385744739,0.610865238198015,14.999999999999995
4.604604604604605,0.9649409668276315,-0.21137405190151176,0.17300896723795872,5.106173914834002,0.4512006537759756,0.5615130560858332,0.610865238198015,14.999999999999995
4.704704704704705,0.9578696977735016,-0.21160929913151566,0.17298195695955582,5.198613511336045,0.485323305723107,0.5788304255926319,0.610865238198015,14.999999999999995
4.804804804804805,0.9508700692626314,-0.2117379607840483,0.1728973295017043,5.289872281457129,0.520635903414221,0.5961421564932309,0.610865238198015,14.999999999999995
4.904904904904905,0.9439465371605887,-0.21176963456547873,0.17276124424580006,5.3799375063447386,0.5571197391672548,0.6134427892045836,0.610865238198015,14.999999999999995
5.005005005005005,0.9371029299442081,-0.21171333846756493,0.17257938087451596,5.468797625778815,0.5947550645498144,0.6307274650850766,0.610865238198015,14.999999999999995
5.105105105105105,0.930342509499796,-0.21157751091918212,0.17235698007233555,5.556442173407677,0.6335212423643488,0.6479918638625352,0.610865238198015,14.999999999999995
5.205205205205205,0.9236680068259121,-0.21137001726249693,0.1720988407609057,5.642861743579509,0.6733968632049406,0.6652321747368782,0.610865238198015,14.999999999999995
5.305305305305305,0.9170816785449484,-0.21109816530903217,0.17180935861074204,5.728047926474049,0.7143598803782296,0.6824450412064683,0.610865238198015,14.999999999999995
5.405405405405405,0.9105853422417411,-0.2107687211119059,0.17149253861932937,5.811993268689594,0.7563877054464768,0.6996275306314607,0.610865238198015,14.999999999999995
5.505505505505505,0.9041804231764746,-0.2103879332840209,0.17115202219050848,5.8946912165562,0.7994573216079733,0.7167770919322196,0.610865238198015,14.999999999999995
5.605605605605605,0.8978679924153079,-0.2099615559033422,0.17079111673216132,5.9761360659811915,0.8435453666546846,0.733891519544693,0.610865238198015,14.999999999999995
5.7057057057057055,0.8916487993743937,-0.20949487389054386,0.1704128071059415,6.056322921434271,0.888628218400734,0.7509689273432117,0.610865238198015,14.999999999999995
5.8058058058058055,0.8855233132715921,-0.2089927329173125,0.170019796859074,6.135247634835762,0.9346820722776956,0.76800770757149,0.610865238198015,14.999999999999995
5.905905905905906,0.879491744794003,-0.2084595616781931,0.16961451298375735,6.212906776201472,0.9816830003604331,0.7850065150777659,0.6108652381980149,14.999999999999995
6.006006006006006,0.8735540835435325,-0.20789940494458034,0.16919914165984828,6.289297574437838,1.0296070209551045,0.8019642312854844,0.6108652381980149,14.999999999999996
6.106106106106106,0.8677101189826136,-0.20731594557330463,0.16877564359409877,6.3644178835916865,1.078430142066366,0.8188799457913124,0.6108652381980152,15.0
6.206206206206206,0.8619594641370971,-0.20671253150594218,0.16834576905374107,6.438266143894646,1.1281284129262241,0.8357529364726054,0.6108652381980151,14.999999999999996
6.306306306306307,0.8563015825160591,-0.20609220396011718,0.16791108786327344,6.510841332656608,1.1786779659217312,0.8525826425117476,0.6108652381980152,14.999999999999998
6.406406406406407,0.8507358003591229,-0.2054577150716605,0.16747299328996024,6.582142942671052,1.2300550469577256,0.8693686556617607,0.6108652381980151,14.999999999999995
6.506506506506507,0.8452613302904255,-0.20481155651211214,0.16703272599295332,6.652170936079733,1.2822360533769388,0.8861106975203242,0.610865238198015,14.999999999999995
6.606606606606607,0.8398772861158583,-0.20415597856278578,0.16659138941581852,6.720925713867772,1.335197556161786,0.9028086051989933,0.610865238198015,14.999999999999995
6.706706706706707,0.8345826932333347,-0.20349300670939616,0.16614995452738357,6.78840809446587,1.3889163229195798,0.919462323496815,0.610865238198015,14.999999999999995
6.806806806806807,0.8293765076381957,-0.2028244671679534,0.165709282111824,6.854619271162521,1.443369341360334,0.9360718855774537,0.610865238198015,14.999999999999995
6.906906906906907,0.8242576240595022,-0.2021519997293143,0.16527013009349642,6.919560792867447,1.4985338313473326,0.952637405524664,0.610865238198015,14.999999999999995
7.007007007007007,0.8192248843954558,-0.20147707202059048,0.16483315932875278,6.983234543881152,1.554387259724965,0.9691590712876791,0.610865238198015,14.999999999999995
7.107107107107107,0.8142770919328032,-0.20080100124520336,0.16439895101217228,7.045642707540997,1.6109073536937264,0.9856371299143903,0.610865238198015,14.999999999999995
7.207207207207207,0.809413016211408,-0.20012496306993463,0.16396801103776695,7.1067877527430285,1.6680721067322806,1.0020718830839275,0.610865238198015,14.999999999999995
7.307307307307307,0.8046313988688828,-0.19945000237248411,0.16354077476661041,7.166672417598989,1.7258597865345942,1.0184636818861088,0.610865238198015,14.999999999999995
7.407407407407407,0.7999309641718142,-0.19877705170840174,0.16311762013074596,7.22529967854342,1.7842489413810543,1.0348129157360655,0.610865238198015,14.999999999999995
7.5075075075075075,0.7953104223583118,-0.19810693802958632,0.16269887113969025,7.2826727395622495,1.8432184023350495,1.051120009079433,0.6108652381980151,14.999999999999995
7.607607607607608,0.7907684730386274,-0.19744038958567967,0.16228480105392107,7.3387950207499415,1.9027472860989354,1.067385418117865,0.6108652381980151,14.999999999999995
7.707707707707708,0.7863038124943084,-0.19677805064132975,0.16187564158856246,7.393670133522024,1.962814996236552,1.0836096229989636,0.610865238198015,14.999999999999996
7.807807807807808,0.7819151368487479,-0.19612048858185036,0.16147158659712282,7.447301868968081,2.023401223354246,1.0997931245343973,0.6108652381980152,14.999999999999996
7.907907907907908,0.7776011436911826,-0.19546819752350078,0.1610727942341169,7.499694190757549,2.08448594436675,1.1159364422902727,0.610865238198015,14.999999999999995
8.008008008008009,0.7733605360023139,-0.19482160710040636,0.16067939225502778,7.550851219606779,2.1460494207175644,1.1320401101462865,0.6108652381980147,14.99999999999999
8.108108108108109,0.7691920258877876,-0.19418109245213255,0.16029148235188104,7.600777216990269,2.2080721959186063,1.148104672396028,0.6108652381980147,14.999999999999984
8.208208208208209,0.7650943352986446,-0.19354697625893574,0.15990914138277382,7.649476581021436,2.2705350937898663,1.164130682767021,0.6108652381980146,14.999999999999982
8.308308308308309,0.7610661974409176,-0.1929195312552253,0.15953242464785694,7.696953839694649,2.3334192151369844,1.1801187021114674,0.6108652381980146,14.999999999999982
8.408408408408409,0.7571063597404366,-0.1922989900017888,0.15916136933625313,7.743213634927991,2.396705932453081,1.1960692952435186,0.6108652381980146,14.999999999999984
8.508508508508509,0.7532135849487709,-0.19168554905735918,0.15879599569438413,7.788260715786944,2.4603768873592875,1.2119830297936103,0.6108652381980146,14.999999999999984
8.608608608608609,0.7493866515762493,-0.1910793700722432,0.1584363087906148,7.83209993484698,2.5244139868657336,1.227860475102389,0.6108652381980146,14.999999999999984
8.70870870870871,0.7456243548494119,-0.19048058130710152,0.158082301614291,7.874736243072331,2.5887993989146154,1.2437022002255014,0.6108652381980146,14.999999999999984
8.80880880880881,0.7419255081900048,-0.1898892861189246,0.15773395610536506,7.916174676763319,2.65351554507011,1.2595087725786607,0.6108652381980146,14.999999999999984
8.90890890890891,0.7382889435121052,-0.18930556487728104,0.15739124343696898,7.956420354435349,2.7185450984638644,1.2752807576185397,0.6108652381980146,14.999999999999984
9.00900900900901,0.7347135114284565,-0.18872947539105578,0.1570541259109265,7.995478474026296,2.7838709790888867,1.2910187177854482,0.6108652381980146,14.999999999999984
9.10910910910911,0.7311980818210175,-0.18816105312148587,0.1567225599787806,8.033354309758824,2.8494763489183867,1.3067232107340316,0.6108652381980146,14.999999999999984
9.20920920920921,0.7277415441875208,-0.18760031806621436,0.15639649550516188,8.070053202324747,2.915344603891338,1.3223947893522228,0.6108652381980146,14.999999999999984
9.30930930930931,0.7243428076935085,-0.18704727640026458,0.15607587574090406,8.105580556280014,2.9814593713536226,1.3380340017029217,0.6108652381980146,14.999999999999984
9.40940940940941,0.7210008011804697,-0.18650192055587472,0.15576063841546875,8.139941838719146,3.047804506742034,1.3536413904643787,0.6108652381980146,14.999999999999984
9.50950950950951,0.7177144735590243,-0.18596422809999477,0.15545071963921853,8.173142577352891,3.1143640871366824,1.3692174908191532,0.6108652381980146,14.999999999999984
9.60960960960961,0.7144827935319112,-0.18543416642360774,0.1551460522475212,8.205188354652927,3.1811224051145683,1.3847628312491083,0.6108652381980146,14.999999999999984
9.70970970970971,0.7113047493097068,-0.18491169531742482,0.15484656517433518,8.236084804084548,3.248063963557274,1.4002779338875329,0.6108652381980146,14.999999999999984
9.80980980980981,0.708179348582719,-0.18439676700104438,0.15455218363084683,8.26583760986746,3.315173474841609,1.4157633144391053,0.6108652381980146,14.999999999999984
9.90990990990991,0.7051056186399298,-0.18388932491801807,0.1542628326111372,8.294452505666525,3.3824358535229107,1.4312194803813558,0.6108652381980146,14.999999999999984
10.01001001001001,0.7020826063659322,-0.1833893046150343,0.15397843744710382,8.321935272896416,3.449836212871599,1.4466469306375216,0.6108652381980146,14.999999999999984
10.11011011011011,0.6991093772658997,-0.18289663778001622,0.1536989213526995,8.348291736049399,3.517359856925614,1.4620461570965615,0.6108652381980146,14.999999999999984
10.21021021021021,0.6961850153697512,-0.1824112525510953,0.15342420535090337,8.373527762206251,3.584992279375286,1.4774176446803435,0.6108652381980146,14.999999999999984
10.31031031031031,0.6933086231542644,-0.18193307328317293,0.15315420911283842,8.397649260692658,3.6527191608733727,1.492761870954598,0.6108652381980146,14.999999999999984
10.41041041041041,0.6904793218299211,-0.18146201863864656,0.15288885515452325,8.420662182860518,3.720526362207487,1.5080793039113982,0.6108652381980146,14.999999999999984
10.51051051051051,0.6876962505788863,-0.18099800426625112,0.15262806630527145,8.442572519914616,3.7883999207879997,1.523370403479486,0.6108652381980146,14.999999999999984
10.61061061061061,0.6849585656921416,-0.18054094475952234,0.1523717642391618,8.463386300783371,3.8563260446085295,1.5386356225735929,0.6108652381980146,14.999999999999984
10.71071071071071,0.6822654405577163,-0.1800907536725935,0.15211986947806352,8.483109592087546,3.924291112115178,1.553875407097361,0.6108652381980146,14.999999999999984
10.81081081081081,0.6796160655520133,-0.17964734294917697,0.15187230280810043,8.501748498079671,3.9922816682133666,1.569090195278401,0.6108652381980146,14.999999999999984
10.91091091091091,0.6770096483989279,-0.17921062111949929,0.1516289889415371,8.519309161098343,4.060284419408041,1.5842804156728127,0.6108652381980146,14.999999999999984
11.01101101101101,0.6744454129846503,-0.17878049614687958,0.15138985297969854,8.53579775977501,4.128286229808097,1.5994464893816662,0.6108652381980146,14.999999999999984
11.11111111111111,0.6719225986740036,-0.1783568764304443,0.1511548194785751,8.5512205081562,4.196274116768379,1.61458883078994,0.6108652381980146,14.999999999999984
11.21121121121121,0.6694404603102585,-0.1779396708051956,0.15092381244898243,8.565583655703321,4.26423525088766,1.6297078475665172,0.6108652381980146,14.999999999999984
11.31131131131131,0.6669982681023485,-0.17752878792566973,0.15069675669814853,8.578893487572245,4.33215695238397,1.6448039400371164,0.6108652381980146,14.999999999999984
11.411411411411411,0.6645953079972893,-0.17712413447031192,0.15047358135456526,8.591156325462753,4.400026686811413,1.659877499239928,0.6108652381980146,14.999999999999984
11.511511511511511,0.6622308804948542,-0.17672561756096902,0.15025421629761332,8.60237852648159,4.467832062096873,1.6749289091915056,0.6108652381980146,14.999999999999984
11.611611611611611,0.6599042999246394,-0.17633314555667126,0.15003859119878493,8.612566482754394,4.53556082448007,1.6899585476688288,0.6108652381980146,14.999999999999984
11.711711711711711,0.6576148944456549,-0.17594662805363967,0.14982663552200576,8.621726621425665,4.6032008585095525,1.704966786209312,0.6108652381980146,14.999999999999984
11.811811811811811,0.6553620059565364,-0.17556597553805967,0.14961827923167678,8.629865404973103,4.670740185038965,1.7199539897918898,0.6108652381980146,14.999999999999984
11.911911911911911,0.6531449903911801,-0.17519109744123426,0.14941345654791788,8.63698933252634,4.738166956197288,1.7349205148011058,0.6108652381980146,14.999999999999986
12.012012012012011,0.6509632169666991,-0.17482190377084383,0.1492121032515398,8.643104939228275,4.805469454611344,1.7498667106895236,0.6108652381980146,14.999999999999986
12.112112112112111,0.6488160671631751,-0.17445830614680138,0.14901415508832516,8.64821879611363,4.872636088795687,1.7647929212203135,0.6108652381980147,14.999999999999986
12.212212212212211,0.6467029347047077,-0.17410021780358262,0.14881954777150833,8.652337510118887,4.939655393007391,1.7796994844741953,0.6108652381980147,14.999999999999982
12.312312312312311,0.6446232255239785,-0.1737475535276878,0.14862821710346508,8.65546772418068,5.0065160267997575,1.794586732803333,0.6108652381980149,14.999999999999984
12.412412412412412,0.6425763578098436,-0.17340022811514305,0.14844010191472196,8.657616118732692,5.073206770184245,1.809454991312786,0.6108652381980152,14.999999999999993
12.512512512512513,0.640561762060503,-0.1730581564038915,0.1482551441007777,8.658789411768606,5.139716523721984,1.824304577797221,0.6108652381980154,15.000000000000002
12.612612612612613,0.6385788797142526,-0.17272125489845883,0.1480732857189005,8.658994358747119,5.2060343044132384,1.8391358048128006,0.6108652381980155,15.000000000000007
12.712712712712714,0.636627162981544,-0.1723894418387429,0.14789446887444577,8.658237752701538,5.27214924478071,1.8539489798091329,0.6108652381980154,15.000000000000007
12.812812812812814,0.6347060748449838,-0.1720626372000137,0.14771863572085586,8.656526424239773,5.338050592869523,1.8687444051292712,0.6108652381980153,15.000000000000004
12.912912912912914,0.63281508896799,-0.1717407622463795,0.14754572928613127,8.653867242192785,5.403727710434802,1.8835223776281096,0.6108652381980153,15.000000000000004
13.013013013013014,0.6309536900385659,-0.17142373787687204,0.14737569661145178,8.650267115200961,5.469170069964617,1.898283186901653,0.6108652381980153,15.000000000000002
13.113113113113114,0.6291213729956634,-0.17111148614041882,0.14720848591241523,8.645732991103745,5.534367254507824,1.9130271170709665,0.6108652381980153,15.000000000000004
13.213213213213214,0.6273176422208607,-0.17080393079638617,0.14704404547817698,8.640271857367178,5.59930895471245,1.9277544477079307,0.6108652381980153,15.000000000000004
13.313313313313314,0.6255420115314865,-0.17050099731261104,0.1468823236745844,8.633890741095234,5.663984968781259,1.94246545383675,0.6108652381980153,15.000000000000004
13.413413413413414,0.6237940041776839,-0.17020261286267885,0.14672326894865556,8.626596709037566,5.728385202451903,1.9571604059330017,0.6108652381980153,15.000000000000004
13.513513513513514,0.622073152751557,-0.16990870547293896,0.14656683138451523,8.618396868847045,5.792499666506288,1.971839569163743,0.6108652381980153,15.000000000000004
13.613613613613614,0.6203789995949023,-0.16961920305146974,0.14641296457877565,8.609298369902788,5.8563184761562415,1.986503202221802,0.6108652381980153,15.000000000000004
13.713713713713714,0.6187110956998305,-0.16933403492533286,0.1462616226192721,8.599308402989518,5.919831849729436,2.001151559374724,0.6108652381980153,15.000000000000004
13.813813813813814,0.6170690002982372,-0.16905313202435351,0.14611275967248202,8.588434200651646,5.983030107256835,2.0157848908652474,0.6108652381980153,15.000000000000004
13.913913913913914,0.6154522808618024,-0.1687764268811202,0.14596632998352485,8.57668303719327,6.045903670472684,2.030403442911304,0.6108652381980153,15.000000000000004
14.014014014014014,0.6138605130963201,-0.1685038536245782,0.14582228788646362,8.564062228694482,6.108443062783656,2.0450074577033415,0.6108652381980153,15.000000000000004
14.114114114114114,0.6122932808679072,-0.16823534708987786,0.14568058940949785,8.550579134334424,6.170638907348449,2.059597172606467,0.6108652381980153,15.000000000000004
14.214214214214214,0.6107501765881252,-0.16797084209569715,0.14554119368216492,8.53624115699474,6.232481926950648,2.0741728192396334,0.6108652381980153,15.000000000000004
14.314314314314315,0.6092308001766001,-0.16771027480428896,0.14540406019651603,8.521055742923881,6.293962943055982,2.0887346253698778,0.6108652381980153,15.000000000000004
14.414414414414415,0.6077347587325848,-0.16745358283840003,0.14526914851327632,8.50503038202772,6.3550728749365115,2.1032828152176517,0.6108652381980153,15.000000000000004
14.514514514514515,0.6062616665349586,-0.1672007052812711,0.14513641826184479,8.488172607869537,6.415802739670622,2.1178176094568215,0.6108652381980153,15.000000000000004
14.614614614614615,0.6048111450422283,-0.1669515826766367,0.1450058291402944,8.470489997670043,6.476143652143025,2.132339225214668,0.6108652381980153,15.000000000000004
14.714714714714715,0.6033828228030453,-0.16670615645510872,0.1448773419267591,8.451990173148305,6.536086824161326,2.146847875586933,0.6108652381980153,15.000000000000004
14.814814814814815,0.6019763358369457,-0.16646436788754954,0.14475092046440258,8.432680801608086,6.5956235639192355,2.1613437684139942,0.6108652381980153,15.000000000000004
14.914914914914915,0.6005913268830222,-0.16622615935749466,0.14462652913559193,8.412569595193295,6.654745276014882,2.1758271079441287,0.6108652381980153,15.000000000000004
15.015015015015015,0.5992274449260023,-0.16599147455511376,0.1445041323775499,8.391664311132846,6.71344346073144,2.190298095310193,0.6108652381980153,15.000000000000004
15.115115115115115,0.5978843451962447,-0.16576025847720807,0.1443836946823585,8.369972751740667,6.77170971403713,2.204756928529627,0.6108652381980153,15.000000000000004
15.215215215215215,0.596561689169739,-0.16553245742721046,0.14426518059695914,8.347502764415694,6.829535727585209,2.2192038025044494,0.6108652381980153,15.000000000000004
15.315315315315315,0.5952591445188492,-0.16530801886598298,0.14414855497606352,8.324262241820776,6.88691328861736,2.2336389089124107,0.6108652381980153,15.000000000000004
15.415415415415415,0.5939763852664147,-0.16508689017594785,0.1440337852336545,8.300259123223862,6.943834279460245,2.248062434948675,0.6108652381980152,15.0
15.515515515515515,0.5927130917048951,-0.1648690193061515,0.143920840135957,8.275501394004953,7.000290677768944,2.262474563987031,0.6108652381980151,14.999999999999996
15.615615615615615,0.5914689495978159,-0.1646543553682647,0.14380968849044767,8.249997085343272,7.056274556373085,2.2768754766493595,0.610865238198015,14.999999999999993
15.715715715715715,0.5902436501346919,-0.16444284862912076,0.14370029914592508,8.223754274241468,7.111778083249083,2.291265350827325,0.610865238198015,14.999999999999993
15.815815815815816,0.589036889931027,-0.16423445051071567,0.14359264099250965,8.196781083525615,7.166793521520139,2.305644361682374,0.610865238198015,14.999999999999995
15.915915915915916,0.5878483710283141,-0.16402911359020805,0.14348668296164363,8.169085681845218,7.221313229456235,2.3200126816457356,0.6108652381980151,14.999999999999996
16.016016016016017,0.5866778008109184,-0.16382679111189957,0.14338239486745116,8.140676283942653,7.2753296607525195,2.3343704800150276,0.6108652381980151,14.999999999999998
16.116116116116117,0.5855248923501726,-0.1636274361286739,0.1432797490139468,8.111561151613262,7.328835364470457,2.3487179219322005,0.6108652381980151,14.999999999999996
16.216216216216218,0.5843893638327636,-0.16343100256834717,0.14317871810462662,8.081748592712838,7.381822985258605,2.363055169757988,0.610865238198015,14.999999999999996
16.316316316316318,0.5832709381537985,-0.16323744537206036,0.14307927487283514,8.05124696077217,7.434285263750603,2.3773823834650685,0.610865238198015,14.999999999999995
16.416416416416418,0.5821693429167779,-0.16304672049425775,0.14298139208179594,8.020064654997034,7.486215036565213,2.3916997206380626,0.610865238198015,14.999999999999995
16.516516516516518,0.5810843104335967,-0.1628587849026869,0.1428850425246115,7.988210120268186,7.5376052363063195,2.4060073364735324,0.610865238198015,14.999999999999995
16.616616616616618,0.5800155777219995,-0.16267359657546537,0.1427901990286863,7.955691847135117,7.58844889157419,2.420305383778899,0.610865238198015,14.999999999999995
16.716716716716718,0.5789628864281275,-0.1624911138877515,0.14269683551092524,7.9225183716400025,7.638739127998473,2.434594012450608,0.610865238198015,14.999999999999995
16.816816816816818,0.5779259831792349,-0.16231129510215492,0.1426049279533408,7.888698276338931,7.688469167884765,2.448873368775785,0.610865238198015,14.999999999999995
16.916916916916918,0.5769046189479885,-0.16213409930691136,0.142514452541424,7.854240188886447,7.73763233082559,2.4631435967289854,0.610865238198015,14.999999999999995
17.017017017017018,0.5758985487880266,-0.16195948647447428,0.1424253854817519,7.819152781397718,7.786222034391514,2.4774048381995515,0.610865238198015,14.999999999999995
17.117117117117118,0.5749075318339588,-0.16178741746151493,0.1423377030019875,7.783444770448539,7.834231794131141,2.4916572329916082,0.610865238198015,14.999999999999995
17.217217217217218,0.5739313313013662,-0.16161785400892226,0.14225138135087978,7.747124917075325,7.881655223571118,2.505900918824069,0.610865238198015,14.999999999999995
17.31731731731732,0.5729697144868013,-0.161450758741803,0.14216639679826365,7.710202026775116,7.92848603421613,2.5201360313306305,0.610865238198015,14.999999999999995
17.41741741741742,0.5720224526879365,-0.16128609475322891,0.14208272633721208,7.672684948714192,7.974718036892407,2.5343627037250895,0.610865238198015,14.999999999999995
17.51751751751752,0.5710893215087606,-0.1611238249169753,0.14200034894869987,7.634582576683044,8.020345141880206,2.5485810659693633,0.610865238198015,14.999999999999995
17.61761761761762,0.5701701004306811,-0.1609639127820052,0.1419192438928519,7.5959038480618,8.065361358910332,2.5627912458944193,0.610865238198015,14.999999999999995
17.71771771771772,0.5692645724678855,-0.160806322666067,0.14183939044459468,7.556657742250424,8.109760798598623,2.5769933695134895,0.610865238198015,14.999999999999995
17.81781781781782,0.5683725241673074,-0.16065101965566406,0.1417607678936997,7.516853280668528,8.15353767244619,2.591187561022067,0.610865238198015,14.999999999999995
17.91791791791792,0.5674937456086258,-0.1604979696060547,0.14168335554478337,7.476499526755364,8.196686292839415,2.6053739427979044,0.610865238198015,14.999999999999995
18.01801801801802,0.5666280304042653,-0.16034713914125218,0.14160713271730693,7.435605585969832,8.239201073049953,2.619552635401014,0.610865238198015,14.999999999999995
18.11811811811812,0.5657751756612193,-0.16019849555522048,0.14153207890566122,7.3941806052437355,8.28107652781531,2.633723757507187,0.610865238198015,14.999999999999995
18.21821821821822,0.5649349820606231,-0.16005200596364902,0.14145817525663054,7.352233771702904,8.322307275626764,2.647887425073708,0.610865238198015,14.999999999999995
18.31831831831832,0.5641072539348836,-0.15990763777322722,0.1413854037503395,7.3097743146346295,8.362888036689673,2.662043751733849,0.610865238198015,14.999999999999995
18.41841841841842,0.5632917987104697,-0.1597653590683647,0.14131374636949537,7.266811501894129,8.402813635350597,2.6761928495230913,0.610865238198015,14.999999999999995
18.51851851851852,0.5624884268676892,-0.15962513859998503,0.14124318510758269,7.223354639548227,8.442079000401494,2.6903348288951148,0.610865238198015,14.999999999999995
18.61861861861862,0.5616969519406887,-0.15948694578552577,0.14117370196886317,7.179413071875349,8.480679165079723,2.704469798721797,0.610865238198015,14.999999999999995
18.71871871871872,0.5609171905174545,-0.15935075070893842,0.14110527896837588,7.13499618136552,8.518609267068047,2.7185978662932144,0.610865238198015,14.999999999999995
18.81881881881882,0.5601489622398113,-0.15921652412068849,0.14103789813193704,7.090113388720372,8.555864548494627,2.7327191373176403,0.610865238198015,14.999999999999995
18.91891891891892,0.559392089735774,-0.15908423717736744,0.14097154192264996,7.044774150904056,8.592440357602653,2.746833715726251,0.610865238198015,14.999999999999995
19.01901901901902,0.5586463988330532,-0.15895386077421028,0.14090619442254484,6.998987961167417,8.6283321498515,2.7609417029242382,0.610865238198015,14.999999999999995
19.11911911911912,0.5579117183624838,-0.1588253662773532,0.14084184000377997,6.952764349859109,8.663535486472242,2.775043198603409,0.610865238198015,14.999999999999995
19.21921921921922,0.5571878797931767,-0.15869872563145165,0.14077846304419894,6.906112880291521,8.698046037037575,2.789138301081779,0.610865238198015,14.999999999999995
19.31931931931932,0.5564747172297422,-0.15857391135766385,0.1407160479300415,6.859043148697102,8.73185957949341,2.803227107303538,0.610865238198015,14.999999999999995
19.41941941941942,0.5557720674122891,-0.15845089655365055,0.1406545790559433,6.811564784228373,8.764972000158869,2.817309712839047,0.610865238198015,14.999999999999995
19.51951951951952,0.5550797697164257,-0.15832965489357512,0.14059404082493612,6.76368744895791,8.797379293726284,2.831386211884841,0.610865238198015,14.999999999999995
19.61961961961962,0.5543976661532588,-0.1582101606281036,0.14053441764844768,6.715420837878357,8.829077563261203,2.8454566972636255,0.610865238198015,14.999999999999995
19.71971971971972,0.5537256013037536,-0.15809238835252504,0.14047569432107623,6.666774676159796,8.860063021995602,2.8595212602551863,0.610865238198015,14.999999999999995
19.81981981981982,0.5530634225086875,-0.1579763124037807,0.14041785707475446,6.6177587187762805,8.890331994622597,2.8735799899250405,0.610865238198015,14.999999999999995
19.91991991991992,0.5524109797240697,-0.157861907528083,0.14036089238981048,6.568382752493773,8.9198809153645,2.8876329738395414,0.610865238198015,14.999999999999995
20.02002002002002,0.5517681251791277,-0.15774914897146197,0.1403047867506926,6.518656590209894,8.948706330759727,2.901680298374506,0.610865238198015,14.999999999999995
20.12012012012012,0.5511347133731362,-0.15763801247744955,0.14024952664907347,6.468590070880207,8.97680489970446,2.915722048715173,0.610865238198015,14.999999999999995
20.22022022022022,0.5505106010754184,-0.1575284742870794,0.14019509858385007,6.418193059518217,9.004173393452648,2.929758308856206,0.610865238198015,14.999999999999995
20.32032032032032,0.5498956473253451,-0.157420511138887,0.14014148906114368,6.367475447195374,9.030808695616008,2.943789161601691,0.610865238198015,14.999999999999995
20.42042042042042,0.5492897134323352,-0.1573141002689096,0.14008868459429993,6.316447151041069,9.056707802164018,2.9578146885651373,0.610865238198015,14.999999999999995
20.52052052052052,0.5486926629463384,-0.1572092193483209,0.140036671800849,6.265118112879035,9.081867822059584,2.971834970132116,0.610865238198015,14.999999999999995
20.62062062062062,0.5481043616765127,-0.15710584586522083,0.13998543843508301,6.2134982937506695,9.106285980544477,2.985850084887802,0.610865238198015,14.999999999999995
20.72072072072072,0.5475246778531361,-0.15700395746358153,0.1399349728390387,6.161597681592549,9.129959615787962,2.999860109828007,0.610865238198015,14.999999999999995
20.82082082082082,0.5469534817002647,-0.15690353222994377,0.13988526334848211,6.109426283155515,9.152886181519833,3.013865120904114,0.610865238198015,14.999999999999995
20.92092092092092,0.5463906453927421,-0.15680454867912194,0.13983629830601357,6.056994122764618,9.1750632475313,3.0278651930383553,0.610865238198015,14.999999999999995
21.02102102102102,0.545836043056199,-0.15670698575420408,0.13978806606106753,6.00431124231911,9.196488499675,3.0418604001238134,0.610865238198015,14.999999999999995
21.12112112112112,0.5452895507670539,-0.15661082282655187,0.13974055496991258,5.951387701292459,9.217159739864991,3.055850815024419,0.610865238198015,14.999999999999995
21.22122122122122,0.5447510465525123,-0.15651603969580058,0.13969375339565143,5.898233576732327,9.237074886076755,3.069836509574956,0.610865238198015,14.999999999999995
21.32132132132132,0.5442204103905673,-0.1564226165898592,0.13964764970822102,5.844858963260596,9.25623197234719,3.083817554581054,0.610865238198015,14.999999999999995
21.42142142142142,0.543697524148777,-0.1563305339854009,0.13960223256620463,5.791273968520224,9.274629150320207,3.0977940196973184,0.610865238198015,14.999999999999995
21.52152152152152,0.5431822717279878,-0.15623977211753476,0.13955749175262036,5.737488711567813,9.292264690808693,3.1117659728935885,0.610865238198015,14.999999999999995
21.62162162162162,0.5426745390091887,-0.1561503115306117,0.13951341723211386,5.683513328730454,9.309136981332705,3.1257334809956223,0.610865238198015,14.999999999999995
21.72172172172172,0.5421742135495583,-0.15606213313976958,0.1394699989720724,5.629357963987889,9.325244528477011,3.1396966099422,0.610865238198015,14.999999999999995
21.82182182182182,0.5416811845781632,-0.15597521822780577,0.13942722694675241,5.5750327687815195,9.340585957946473,3.153655424785125,0.610865238198015,14.999999999999995
21.92192192192192,0.5411953429959584,-0.1558895484451774,0.13938509113727965,5.520547902014402,9.355160014566035,3.1676099896892276,0.610865238198015,14.999999999999995
22.02202202202202,0.5407165813757874,-0.15580510581000107,0.13934358153164922,5.465913530051257,9.368965562280733,3.181560367932362,0.610865238198015,14.999999999999995
22.12212212212212,0.5402447939623816,-0.155721872708053,0.13930268812472543,5.4111398267184585,9.382001584155688,3.19550662190541,0.610865238198015,14.999999999999995
22.22222222222222,0.5397798766723608,-0.155639831892769,0.1392624009182419,5.356236973304043,9.394267182376106,3.2094488131122763,0.610865238198015,14.999999999999995
22.32232232232232,0.5393217270405232,-0.15555896634945113,0.13922271013007229,5.301215153638781,9.405761579229193,3.223387002083448,0.610865238198015,14.999999999999995
22.42242242242242,0.5388702443207846,-0.15547925883158706,0.13918360696948115,5.246084550197984,9.416484118879499,3.23732124789609,0.610865238198015,14.999999999999995
22.52252252252252,0.5384253295070026,-0.15540069234408518,0.13914508283431992,5.190855354087485,9.426434265078875,3.2512516086014682,0.610865238198015,14.999999999999995
22.62262262262262,0.5379868850292744,-0.1553232502117707,0.1391071291227311,5.135537752635142,9.435611602651226,3.2651781414885677,0.610865238198015,14.999999999999995
22.72272272272272,0.5375548147459788,-0.15524691607408914,0.13906973723990768,5.080141928934469,9.444015837565141,3.279100903084596,0.610865238198015,14.999999999999995
22.822822822822822,0.5371290239437762,-0.1551716738851062,0.13903289859809292,5.0246780618446305,9.451646796933904,3.2930199491549836,0.610865238198015,14.999999999999995
22.922922922922922,0.5367094193376085,-0.15509750791350801,0.13899660461658067,4.969156325990447,9.458504429015482,3.306935334703382,0.610865238198015,14.999999999999995
23.023023023023022,0.5362959090706996,-0.1550244027426009,0.13896084672171513,4.9135868917623915,9.464588803212537,3.3208471139716655,0.610865238198015,14.999999999999995
23.123123123123122,0.5358884027145545,-0.15495234327031152,0.13892561634689093,4.857979925316587,9.469900110072421,3.334755340439931,0.610865238198015,14.999999999999995
23.223223223223222,0.535486811258619,-0.15488131469464678,0.13889090495366288,4.802345587629214,9.474438661333846,3.3486600668203734,0.610865238198015,14.999999999999995
23.323323323323322,0.5350910470427852,-0.154811302120118,0.13885670465152128,4.746694021116588,9.478204891197029,3.3625613447515277,0.610865238198015,14.999999999999995
23.423423423423422,0.5347010240055824,-0.15474229064705625,0.13882300809863485,4.69103536614325,9.481199356235784,3.376459224719169,0.610865238198015,14.999999999999995
23.523523523523522,0.5343166573841261,-0.15467426566548023,0.13878980794570214,4.635379750952484,9.483422734663481,3.3903537565214186,0.610865238198015,14.999999999999995
23.623623623623622,0.5339378636310959,-0.15460721283364645,0.13875709685060386,4.579737286381528,9.484875826417351,3.4042449893048317,0.610865238198015,14.999999999999995
23.723723723723722,0.533564560414735,-0.15454111807804902,0.13872486747840276,4.52411806586158,9.485559553158474,3.4181329715643947,0.610865238198015,14.999999999999995
23.823823823823822,0.5331966666188505,-0.15447596759341964,0.13869311250134375,4.468532165417787,9.48547495827179,3.4320177511435284,0.610865238198015,14.999999999999995
23.923923923923923,0.5328341023428131,-0.1544117478427277,0.13866182459885373,4.412989643669253,9.484623206866093,3.4458993752340854,0.610865238198015,14.999999999999995
24.024024024024023,0.5324767889015576,-0.1543484455571803,0.13863099645754182,4.357500541829039,9.483005585774034,3.459777890376351,0.610865238198015,14.999999999999995
24.124124124124123,0.5321246488255822,-0.15428604773622212,0.13860062077119914,4.302074883704163,9.480623503552115,3.4736533424590434,0.610865238198015,14.999999999999995
24.224224224224223,0.5317776058438606,-0.15422454162189508,0.1385706902778975,4.246722673680697,9.477478490314127,3.48752577670795,0.610865238198015,14.999999999999995
24.324324324324323,0.5314355848336892,-0.15416391431579357,0.13854119836066092,4.191453881250729,9.473572197221785,3.5013952373803874,0.6108652381980151,14.999999999999996
24.424424424424423,0.5310985120479933,-0.1541041529691369,0.13851213878427976,4.136278463139086,9.468906398930095,3.51526176778766,0.6108652381980151,15.0
24.524524524524523,0.5307663148249752,-0.1540452449814254,0.13848350530102976,4.081206348784888,9.463482991042705,3.5291254106677266,0.6108652381980152,15.000000000000002
24.624624624624623,0.530438921532768,-0.15398717797985348,0.13845529167035964,4.026247435756544,9.457303989591301,3.542986208203917,0.6108652381980151,15.000000000000002
24.724724724724723,0.5301162615694365,-0.1539299398193097,0.13842749165889115,3.9714115897517566,9.450371531035618,3.556844202024934,0.610865238198015,15.000000000000002
24.824824824824823,0.5297982653629759,-0.15387351858237672,0.1384000990404192,3.916708644597517,9.44268787226343,3.570699433204849,0.6108652381980147,14.999999999999998
24.924924924924923,0.5294848643713129,-0.15381790257933126,0.13837310759591162,3.8621484022501056,9.434255390590558,3.5845519422631074,0.6108652381980145,14.999999999999995
25.025025025025027,0.5291759910823052,-0.15376308034814426,0.13834651111350937,3.8077406327950922,9.425076583760859,3.5984017691645245,0.6108652381980142,14.99999999999999
25.125125125125127,0.5288715790137414,-0.15370904065448068,0.13832030338852647,3.7534950744473448,9.415154069946244,3.612248953319286,0.6108652381980139,14.999999999999984
25.225225225225227,0.5285715627132409,-0.15365577249160287,0.1382944782235799,3.6994214335385824,9.404490587743684,3.6260935335829316,0.6108652381980137,14.999999999999982
25.325325325325327,0.5282758776732582,-0.15360326486743126,0.13826902974670757,3.6455293688610158,9.393088992903321,3.6399355481255466,0.6108652381980137,14.999999999999982
25.425425425425427,0.5279844605227749,-0.15355150666754666,0.13824395266805048,3.591828502774818,9.380952262331668,3.6537750341855038,0.6108652381980136,14.999999999999982
25.525525525525527,0.5276972489177977,-0.1535004869970615,0.13821924170046238,3.5383284250594063,9.368083493700569,3.667612028448732,0.6108652381980136,14.99999999999998
25.625625625625627,0.5274141813824899,-0.15345019515333255,0.13819489156386305,3.4850386781426543,9.35448590149953,3.6814465671316094,0.6108652381980136,14.99999999999998
25.725725725725727,0.5271351973091712,-0.15340062062596088,0.13817089698523838,3.4319687571008872,9.340162817035718,3.6952786859809645,0.6108652381980136,14.99999999999998
25.825825825825827,0.5268602369583183,-0.15335175309679194,0.13814725269864034,3.379128109658889,9.32511768843397,3.709108420274076,0.6108652381980136,14.999999999999982
25.925925925925927,0.5265892414585644,-0.15330358243991557,0.13812395344518694,3.3265261361898952,9.309354080636778,3.7229358048186723,0.6108652381980137,14.999999999999982
26.026026026026027,0.5263221528066993,-0.1532560987216659,0.13810099397306227,3.2741721897156006,9.292875675404302,3.736760873952931,0.6108652381980137,14.999999999999982
26.126126126126128,0.5260589138676691,-0.15320929220062138,0.13807836903751647,3.2220755759061466,9.275686271314363,3.7505836615454826,0.6108652381980137,14.999999999999982
26.226226226226228,0.5257994683745771,-0.15316315332760486,0.13805607340086581,3.1702455530801372,9.257789783762444,3.7644042009954037,0.6108652381980137,14.999999999999982
26.326326326326328,0.5255437609266607,-0.1531176727434725,0.13803410183549616,3.1186913318932143,9.239190244837681,3.778222525231644,0.6108652381980137,14.999999999999982
26.426426426426428,0.5252917369004754,-0.15307284103944283,0.13801244948042518,3.0674220547745663,9.219891795806685,3.7920386665625463,0.6108652381980137,14.999999999999982
26.526526526526528,0.5250433426659159,-0.15302864874516273,0.137991111905531,3.016446817064827,9.199898696943409,3.805852656522769,0.6108652381980137,14.999999999999982
26.626626626626628,0.5247985254336361,-0.15298508658506407,0.13797008466269267,2.965774663753034,9.179215324586357,3.819664526204631,0.6108652381980137,14.999999999999982
26.726726726726728,0.524557233142064,-0.15294214544466336,0.1379493633110856,2.9154145763938963,9.15784616554418,3.833474306304974,0.6108652381980137,14.999999999999982
26.826826826826828,0.5243194144574012,-0.15289981637056177,0.13792894341718154,2.8653754731077954,9.135795817095689,3.8472820271251584,0.6108652381980137,14.999999999999982
26.926926926926928,0.5240850187736236,-0.15285809057044503,0.1379088205547486,2.815666208580785,9.113068986989841,3.8610877185710666,0.6108652381980137,14.999999999999982
27.027027027027028,0.523853996212481,-0.15281695941308354,0.1378889903048513,2.7662955740645883,9.089670493445748,3.874891410153101,0.6108652381980137,14.999999999999982
27.127127127127128,0.5236262976234973,-0.15277641442833223,0.13786944825585046,2.717272297376604,9.065605265152673,3.8886931309861854,0.6108652381980137,14.999999999999982
27.227227227227228,0.5234018745839705,-0.15273644730713076,0.1378501900034033,2.6686050428999,9.040878341270028,3.902492909789763,0.6108652381980137,14.999999999999982
27.32732732732733,0.5231806793989723,-0.15269704990150335,0.13783121115046332,2.620302411583218,9.015494871427386,3.9162907748877993,0.6108652381980137,14.999999999999982
27.42742742742743,0.5229626651013488,-0.1526582142245588,0.13781250730728045,2.5723729409409706,8.989460115724462,3.9300867542087787,0.6108652381980137,14.999999999999982
27.52752752752753,0.5227477854102409,-0.1526199323729211,0.13779407420296796,2.524825095775521,8.962779439449276,3.9438808752459464,0.6108652381980137,14.999999999999982
27.62762762762763,0.5225359947611552,-0.15258219627643752,0.13777590808285153,2.4776672569443137,8.935458308426227,3.95767316481909,0.6108652381980137,14.999999999999982
27.72772772772773,0.5223272484156866,-0.15254499801883836,0.13775800522439982,2.4309077522460165,8.907502306472791,3.9714636492843476,0.6108652381980137,14.999999999999982
27.82782782782783,0.5221215022520942,-0.15250832982479626,0.13774036190422606,2.3845548315041665,8.878917119389548,3.9852523546658474,0.6108652381980137,14.999999999999982
27.92792792792793,0.5219187127559236,-0.1524721840524213,0.13772297440756065,2.338616665052615,8.84970853404685,3.9990393066555034,0.6108652381980137,14.999999999999982
28.02802802802803,0.5217188370200067,-0.1524365531932609,0.13770583902825098,2.2931013437355294,8.819882438384832,4.012824530613017,0.6108652381980137,14.999999999999982
28.12812812812813,0.5215218327444615,-0.15240142987229993,0.13768895206876156,2.2480168789073938,8.789444821413397,4.026608051565875,0.6108652381980137,14.999999999999982
28.22822822822823,0.5213276582366922,-0.15236680684796058,0.13767230984017392,2.2033712024330065,8.758401773212235,4.04038989420935,0.6108652381980137,14.999999999999982
28.32832832832833,0.5211362724113896,-0.15233267701210249,0.1376559086621867,2.159172166687484,8.726759484930804,4.054170082906502,0.6108652381980137,14.999999999999982
28.42842842842843,0.5209476347905304,-0.15229903339002265,0.13763974486311553,2.115427544556258,8.694524248788346,4.067948641688178,0.6108652381980137,14.999999999999982
28.52852852852853,0.5207617055033777,-0.1522658691404555,0.1376238147798932,2.0721450294350765,8.661702458073874,4.081725594253006,0.6108652381980137,14.999999999999982
28.62862862862863,0.5205784452864811,-0.1522331775555728,0.13760811475806944,2.0293322352299983,8.628300607146178,4.09550096396741,0.6108652381980137,14.999999999999982
28.72872872872873,0.5203978154361438,-0.15220095195779745,0.1375926413008689,1.9869966833859762,8.59432528109016,4.10927477380806,0.6108652381980137,14.999999999999982
28.82882882882883,0.5202197778697826,-0.15216918554387335,0.13757739132452912,1.9451457996186172,8.55978315543414,4.123047046185493,0.6108652381980137,14.999999999999982
28.92892892892893,0.5200442951694468,-0.15213787167701806,0.13756236170746544,1.9037869387898683,8.524681015182926,4.136817803171976,0.6108652381980137,14.999999999999982
29.02902902902903,0.5198713304253612,-0.15210700383215323,0.13754754933572094,1.8629273615960051,8.489025734322453,4.1505870665609645,0.6108652381980137,14.999999999999982
29.12912912912913,0.5197008472334614,-0.15207657559328838,0.13753295110643377,1.822574234082221,8.45282427541336,4.1643548578665035,0.6108652381980137,14.999999999999982
29.22922922922923,0.519532809695396,-0.1520465806535211,0.13751856392783737,1.7827346276426248,8.416083689590987,4.178121198323227,0.6108652381980137,14.999999999999982
29.32932932932933,0.5193671824185244,-0.1520170128150369,0.13750438471926027,1.7434155190202436,8.378811116565391,4.191886108886357,0.6108652381980137,14.999999999999982
29.42942942942943,0.5192039305159183,-0.15198786598910924,0.1374904104111262,1.7046237903070194,8.341013784621326,4.2056496102317045,0.6108652381980137,14.999999999999982
29.52952952952953,0.519043019606361,-0.15195913419609955,0.13747663794495407,1.6663662289438148,8.30269901061827,4.21941172275567,0.6108652381980137,14.999999999999982
29.62962962962963,0.5188844158143479,-0.1519308115654572,0.13746306427335794,1.6286495277204043,8.263874199990386,4.233172466575242,0.6108652381980137,14.999999999999982
29.72972972972973,0.5187280857700858,-0.1519028923357196,0.13744968636004706,1.591480284775481,8.22454684674656,4.246931861528001,0.6108652381980137,14.999999999999982
29.82982982982983,0.5185739966094934,-0.15187537085451205,0.13743650117982584,1.554865003596662,8.184724533470387,4.260689927172108,0.6108652381980137,14.999999999999982
29.92992992992993,0.5184221159428897,-0.15184824151818246,0.13742350580395715,1.518810084344515,8.144414921667604,4.274446682755512,0.6108652381980137,14.999999999999982
30.03003003003003,0.5182724118682879,-0.15182149861533814,0.1374106976437548,1.483321813104378,8.10362574224739,4.288202147071985,0.6108652381980137,14.999999999999982
30.13013013013013,0.5181248530534762,-0.1517951365721453,0.13739807408729696,1.4484063907584006,8.062364827392722,4.301956338619674,0.6108652381980137,14.999999999999982
30.23023023023023,0.5179794085937783,-0.15176914990975457,0.13738563252770855,1.41406991146059,8.02064008406948,4.3157092756625115,0.6108652381980137,14.999999999999982
30.33033033033033,0.5178360480057619,-0.15174353323797315,0.1373733703713367,1.3803183613450478,7.978459492521329,4.3294609762290515,0.6108652381980137,14.999999999999982
30.43043043043043,0.5176947412272375,-0.15171828125526482,0.13736128503775055,1.3471576185259717,7.935831106269706,4.3432114581124734,0.6108652381980137,14.999999999999982
30.53053053053053,0.5175554586172599,-0.15169338874874994,0.13734937395974145,1.3145934530976546,7.892763052113832,4.3569607388705816,0.6108652381980137,14.999999999999982
30.63063063063063,0.5174181709561273,-0.15166885059420543,0.13733763458332277,1.2826315271344835,7.8492635301307025,4.370708835825805,0.6108652381980137,14.999999999999982
30.73073073073073,0.5172828494453812,-0.15164466175606478,0.13732606436773007,1.2512773946909401,7.805340813675094,4.384455766065195,0.6108652381980137,14.999999999999982
30.83083083083083,0.5171494657078068,-0.1516208172874181,0.13731466078542096,1.220536501801603,7.761003249379559,4.398201546440433,0.6108652381980137,14.999999999999982
30.93093093093093,0.5170179917874332,-0.15159731233001206,0.13730342132207524,1.1904141864811455,7.716259257154435,4.411946193567817,0.6108652381980137,14.999999999999982
31.03103103103103,0.5168884001495327,-0.15157414211424985,0.13729234347659475,1.1609156787243353,7.671117330187829,4.425689723828277,0.6108652381980137,14.999999999999982
31.13113113113113,0.5167606636644706,-0.15155130193525823,0.13728142479347138,1.1320460965411943,7.625586028662981,4.439432153357968,0.6108652381980137,14.999999999999982
31.23123123123123,0.5166347555791634,-0.1515287870131868,0.13727066306841962,1.1038104304584324,7.57967395766362,4.453173497948201,0.6108652381980136,14.999999999999977
31.33133133133133,0.5165106496283206,-0.15150659266151237,0.13726005611671108,1.076213570420838,7.533389810699385,4.4669137731147455,0.6108652381980135,14.999999999999973
31.43143143143143,0.5163883199131016,-0.15148471427801605,0.13724960175323683,1.049260290304536,7.486742341661762,4.480652994174959,0.6108652381980135,14.999999999999968
31.53153153153153,0.5162677408859799,-0.15146314733266797,0.1372392978070107,1.0229552450770505,7.439740360095599,4.494391176247876,0.6108652381980134,14.999999999999966
31.63163163163163,0.5161488873507429,-0.15144188736762712,0.13722914212116924,0.9973029707973037,7.392392731199106,4.508128334254209,0.6108652381980134,14.999999999999968
31.73173173173173,0.5160317344624925,-0.15142092999724147,0.13721913255297172,0.9723078846156163,7.34470837582385,4.5218644829163495,0.6108652381980135,14.999999999999973
31.83183183183183,0.5159162577276443,-0.15140027090804792,0.13720926697380012,0.9479742847737084,7.296696270474762,4.535599636758364,0.6108652381980136,14.999999999999982
31.93193193193193,0.515802433003928,-0.1513799058587723,0.1371995432691592,0.9243063506046987,7.248365447310135,4.549333810105996,0.6108652381980139,14.999999999999993
32.032032032032035,0.5156902365003878,-0.1513598306803294,0.13718995933867634,0.901308142533102,7.199724994141614,4.563067017086671,0.610865238198014,15.000000000000005
32.132132132132135,0.5155796447773818,-0.15134004127582293,0.13718051309610174,0.8789836020748372,7.15078405443422,4.576799271629484,0.6108652381980142,15.000000000000014
32.232232232232235,0.5154706347465821,-0.15132053362054554,0.1371712024693083,0.8573365518372151,7.101551827306316,4.590530587465215,0.6108652381980142,15.000000000000021
32.332332332332335,0.5153631836642867,-0.1513013037545908,0.13716202540964464,0.8363706942174223,7.052037564391225,4.604260978124692,0.6108652381980142,15.000000000000021
32.432432432432435,0.5152572690844965,-0.15128234768043103,0.1371529800340229,0.8160895977068136,7.0022505395050105,4.617990456884306,0.6108652381980141,15.00000000000002
32.532532532532535,0.5151528689681042,-0.15126366145588865,0.13714406451200709,0.7964967150587516,6.952200095060399,4.631719036769948,0.6108652381980141,15.000000000000018
32.632632632632635,0.5150499615951712,-0.1512452412135737,0.1371352770104792,0.7775953760821773,6.901895619719518,4.6454467306358085,0.6108652381980141,15.000000000000018
32.732732732732735,0.5149485255390839,-0.1512270831451554,0.1371266157102563,0.759388783726231,6.851346538352927,4.659173551169086,0.6108652381980141,15.000000000000018
32.832832832832835,0.5148485396665526,-0.15120918350136245,0.1371180788060906,0.7418800140802516,6.800562312039615,4.67289951088999,0.6108652381980141,15.000000000000018
32.932932932932935,0.5147499831376132,-0.1511915385919829,0.1371096645066692,0.7250720163737775,6.749552438067003,4.686624622151738,0.6108652381980141,15.000000000000018
33.033033033033036,0.5146528354056256,-0.1511741447858641,0.1371013710346144,0.7089676129765462,6.698326449930941,4.700348897140556,0.6108652381980141,15.000000000000018
33.133133133133136,0.5145570762172743,-0.15115699851091283,0.13709319662648342,0.6935694993984941,6.646893917335713,4.71407234787568,0.6108652381980141,15.000000000000018
33.233233233233236,0.5144626856125689,-0.15114009625409522,0.1370851395327686,0.6788802442897568,6.5952644461940295,4.7277949862093545,0.6108652381980141,15.000000000000018
33.333333333333336,0.5143696439248432,-0.15112343456143673,0.13707719801789733,0.6649022894406688,6.543447678627034,4.741516823826834,0.6108652381980141,15.000000000000018
33.433433433433436,0.5142779317807559,-0.15110701003802224,0.13706937036023203,0.651637949781764,6.491453292964302,4.755237872246381,0.6108652381980141,15.000000000000018
33.533533533533536,0.5141875300987049,-0.15109081934670385,0.13706165485355631,0.6390894131864491,6.43929100287178,4.768958142819293,0.6108652381980141,15.000000000000018
33.633633633633636,0.5140984200401897,-0.15107485914264887,0.13705404989142758,0.6272587322524785,6.386970524594765,4.7826776467087875,0.6108652381980141,15.000000000000018
33.733733733733736,0.5140105830962509,-0.15105912610868455,0.13704655393772447,0.6161478316774008,6.334501615984112,4.796396394859439,0.6108652381980141,15.000000000000018
33.833833833833836,0.5139240010411521,-0.15104361699352334,0.13703916545442432,0.6057585082584926,6.281894068186058,4.810114398063039,0.6108652381980141,15.000000000000018
33.933933933933936,0.5138386558941008,-0.15102832859443552,0.137031882916501,0.5960924272297882,6.2291576877601225,4.823831666971024,0.6108652381980141,15.000000000000018
34.034034034034036,0.5137545299192486,-0.1510132577572493,0.1370247048119249,0.5871511222620788,6.176302296679116,4.837548212094477,0.6108652381980141,15.000000000000018
34.134134134134136,0.5136716056256916,-0.15099840137635082,0.13701762964166297,0.5789359954629135,6.123337732329136,4.851264043804126,0.6108652381980141,15.000000000000018
34.234234234234236,0.5135898657674693,-0.15098375639468403,0.1370106559196786,0.5714483173765986,6.070273847509567,4.864979172330349,0.6108652381980141,15.000000000000018
34.334334334334336,0.5135092933435661,-0.1509693198037509,0.13700378217293172,0.5646892269841981,6.017120510433085,4.878693607763165,0.6108652381980141,15.000000000000018
34.434434434434436,0.51342987159791,-0.15095508864361112,0.1369970069413788,0.5586597317035329,5.96388760472565,4.8924073600522435,0.6108652381980141,15.000000000000018
34.53453453453454,0.5133515840193732,-0.1509410600028825,0.1369903287779729,0.553360707389182,5.910585029426513,4.906120439006898,0.6108652381980141,15.000000000000018
34.63463463463464,0.5132744143417721,-0.1509272310187405,0.13698374624866347,0.5487928983324811,5.857222698988209,4.91983285429609,0.6108652381980141,15.000000000000018
34.73473473473474,0.5131983465438672,-0.15091359887691871,0.13697725793239657,0.5449569172615243,5.80381054327657,4.933544615448424,0.6108652381980141,15.000000000000018
34.83483483483484,0.5131233648161635,-0.1509001607814834,0.13697086245638498,0.5418532436637408,5.750358483339974,4.94725573185031,0.6108652381980141,15.000000000000018
34.93493493493494,0.5130494535942332,-0.15088691393854162,0.13696455852987446,0.5394822223650084,5.6968764404523595,4.960966212708668,0.6108652381980141,15.000000000000018
35.03503503503504,0.5129765975791362,-0.15087385561344882,0.13695834486355718,0.5378440663828091,5.643374362681489,4.974676067085264,0.6108652381980141,15.000000000000018
35.13513513513514,0.5129047816763226,-0.1508609831117522,0.1369522201795985,0.5369388559754458,5.589862191884206,4.98838530392429,0.6108652381980141,15.000000000000018
35.23523523523524,0.5128339909954076,-0.15084829377906145,0.1369461832117631,0.5367665386352654,5.53634986356684,5.0020939320524205,0.6108652381980141,15.000000000000018
35.33533533533534,0.5127642108501725,-0.1508357850010488,0.13694023270541492,0.5373269290886582,5.482847306885197,5.015801960178811,0.6108652381980141,15.000000000000018
35.43543543543544,0.5126954267585643,-0.15082345420344895,0.1369343674175172,0.5386197092960588,5.429364444644565,5.029509396895095,0.6108652381980141,15.000000000000018
35.53553553553554,0.5126276244426954,-0.15081129885205916,0.13692858611663242,0.5406444284519454,5.37591119329972,5.043216250675389,0.6108652381980141,15.000000000000018
35.63563563563564,0.5125607898288441,-0.1507993164527392,0.13692288758292245,0.5434005029848399,5.32249746295491,5.056922529876291,0.6108652381980141,15.000000000000018
35.73573573573574,0.5124949090474543,-0.15078750455141135,0.13691727060814832,0.5468872165573078,5.269133157363875,5.070628242736879,0.6108652381980141,15.000000000000018
35.83583583583584,0.5124299684331358,-0.1507758607340604,0.13691173399567044,0.5511037200659581,5.215828173929833,5.084333397378708,0.6108652381980141,15.000000000000018
35.93593593593594,0.5123659545246638,-0.1507643826267337,0.13690627656044843,0.5560490316414447,5.162592403705479,5.0980380018058185,0.6108652381980141,15.000000000000018
36.03603603603604,0.5123028540572101,-0.15075306789098855,0.13690089713343848,0.561722037333835,5.109435725419279,5.111742063906479,0.6108652381980141,15.000000000000018
36.13613613613614,0.5122406539272992,-0.150741914183228,0.1368955946113476,0.5681214939020519,5.056367969729755,5.125445591444117,0.6108652381980141,15.000000000000018
36.23623623623624,0.512179341279655,-0.15073091919756848,0.13689036791869635,0.5752460207009382,5.003398981731906,5.139148592031417,0.6108652381980141,15.000000000000018
36.33633633633634,0.5121189034426643,-0.15072008066630102,0.1368852159867785,0.5830941056307534,4.950538587341223,5.152851073177329,0.6108652381980141,15.000000000000018
36.43643643643644,0.5120593279139759,-0.1507093963547944,0.13688013775680824,0.5916641064403725,4.8977965836430695,5.166553042293131,0.6108652381980141,15.000000000000018
36.53653653653654,0.5120006023605013,-0.15069886406149538,0.13687513217992028,0.600954250727287,4.8451827388926825,5.180254506692428,0.6108652381980141,15.000000000000018
36.63663663663664,0.5119427146184141,-0.1506884816179285,0.13687019821716984,0.6109626359376037,4.792706792515172,5.193955473591155,0.6108652381980141,15.000000000000018
36.73673673673674,0.5118856526931509,-0.15067824688869624,0.13686533483953253,0.6216872293660454,4.74037845510552,5.207655950107573,0.6108652381980141,15.000000000000018
36.83683683683684,0.5118294047594102,-0.150668157771479,0.13686054102790451,0.633125868155951,4.688207408428583,5.2213559432622745,0.6108652381980141,15.000000000000018
36.93693693693694,0.5117739591611532,-0.15065821219703499,0.13685581577310246,0.6452762592992748,4.636203305419087,5.2350554599781765,0.6108652381980141,15.000000000000018
37.03703703703704,0.5117193044116034,-0.15064840812920033,0.13685115807586343,0.6581359796365865,4.584375770181638,5.248754507080528,0.6108652381980141,15.000000000000018
37.13713713713714,0.511665429193247,-0.15063874356488907,0.13684656694684505,0.6717024758570742,4.532734397990703,5.262453091296904,0.6108652381980141,15.000000000000018
37.23723723723724,0.5116123223578323,-0.15062921653409309,0.13684204140662534,0.6859730644985386,4.481288755290633,5.2761512192572075,0.6108652381980141,15.000000000000018
37.33733733733734,0.5115599729184384,-0.15061982509596303,0.13683758048905528,0.7009449340376844,4.430048372806033,5.289848897496099,0.6108652381980141,15.000000000000018
37.43743743743744,0.5115083700147366,-0.15061056730525246,0.13683318328034907,0.716615155314022,4.379022705945622,5.303546132449798,0.6108652381980141,15.000000000000018
37.53753753753754,0.5114575030017317,-0.1506014412489744,0.13682884889176455,0.7329806585318608,4.328221206832062,5.3172429304231414,0.6108652381980141,15.000000000000018
37.63763763763764,0.5114073613873849,-0.15059244504560612,0.1368245764407633,0.750038247212995,4.2776532865085635,5.330939297634199,0.6108652381980141,15.000000000000018
37.73773773773774,0.5113579348186558,-0.15058357684079712,0.1368203650530052,0.7677846016647145,4.227328304265919,5.34463524022075,0.6108652381980141,15.000000000000018
37.83783783783784,0.5113092130815032,-0.15057483480736922,0.13681621386234855,0.7862162789798052,4.177255567642507,5.358330764240287,0.6108652381980141,15.000000000000018
37.93793793793794,0.5112611861008846,-0.15056621714531648,0.13681212201084988,0.8053297130365488,4.127444332424289,5.372025875670012,0.6108652381980141,15.000000000000018
38.03803803803804,0.5112138439407558,-0.1505577220818052,0.13680808864876415,0.8251212144987228,4.077903802644811,5.38572058040684,0.6108652381980141,15.000000000000018
38.13813813813814,0.5111671768040718,-0.15054934787117402,0.13680411293454459,0.845586970815599,4.028643130585207,5.399414884267395,0.6108652381980141,15.000000000000018
38.23823823823824,0.5111211750327861,-0.15054109279493377,0.13680019403484278,0.8667230462219482,3.9796714167741882,5.413108792988013,0.6108652381980141,15.000000000000018
38.33833833833834,0.5110758291078513,-0.1505329551617676,0.13679633112450862,0.8885253817380334,3.9309977099880573,5.4268023122247415,0.6108652381980141,15.000000000000018
38.43843843843844,0.5110311296492184,-0.1505249333075309,0.13679252338659043,0.9109897951696165,3.882631007250695,5.440495447553339,0.6108652381980141,15.000000000000018
38.53853853853854,0.5109870674158372,-0.15051702559525135,0.13678877001233472,0.9341119811079525,3.8345802538335727,5.454188204469272,0.6108652381980141,15.000000000000018
38.63863863863864,0.5109436333056564,-0.15050923041512887,0.13678507020118644,0.9578875109297956,3.7868543432557376,5.467880588387725,0.6108652381980141,15.000000000000018
38.73873873873874,0.5109008183424008,-0.15050154617500744,0.13678142317092237,0.9823118405733131,3.7394621019481815,5.481572604645072,0.6108652381980141,15.000000000000018
38.83883883883884,0.510858613664562,-0.15049397127499928,0.1367778281921025,1.0073803213265162,3.6924122633128587,5.495264258485391,0.6108652381980141,15.000000000000018
38.93893893893894,0.5108170105820313,-0.1504865041536207,0.1367742845361265,1.033088165084701,3.6457135359320456,5.508955555058896,0.6108652381980141,15.000000000000018
39.03903903903904,0.5107760005224932,-0.15047914327331793,0.13677079147988844,1.0594304698185195,3.5993745586242416,5.522646499448541,0.6108652381980141,15.000000000000018
39.13913913913914,0.5107355750274836,-0.15047188711847012,0.13676734830752957,1.086402221681708,3.553403896485004,5.53633709667118,0.6108652381980141,15.000000000000018
39.23923923923924,0.5106957257523893,-0.1504647341953893,0.1367639543104387,1.1139982950110887,3.5078100408869455,5.550027351677569,0.6108652381980141,15.000000000000018
39.33933933933934,0.5106564444664486,-0.15045768303232046,0.13676060878725188,1.142213452326569,3.462601409479737,5.563717269352365,0.6108652381980141,15.000000000000018
39.43943943943944,0.5106177230527508,-0.15045073217944152,0.13675731104385258,1.1710423443311395,3.4177863461901095,5.577406854514124,0.6108652381980141,15.000000000000018
39.53953953953954,0.5105795535082361,-0.1504438802088632,0.13675406039337168,1.2004795099108783,3.373373121221846,5.591096111915305,0.6108652381980141,15.000000000000018
39.63963963963964,0.5105419279436963,-0.15043712571462928,0.1367508561561874,1.2305193761349469,3.32936993105579,5.604785046242266,0.6108652381980141,15.000000000000018
39.73973973973974,0.510504838583774,-0.1504304673127163,0.13674769765992534,1.2611562582555929,3.2857848984498412,5.618473662115268,0.6108652381980141,15.000000000000018
39.83983983983984,0.5104682777669632,-0.15042390364103392,0.13674458423945848,1.2923843597081455,3.2426260724389615,5.6321619640884695,0.6108652381980141,15.000000000000018
39.93993993993994,0.510432237945609,-0.15041743335942448,0.13674151523690717,1.3241977721110254,3.1999014283351594,5.645849956649935,0.6108652381980141,15.000000000000018
40.04004004004004,0.5103967116859075,-0.1504110551496634,0.13673849000163912,1.3565904752657323,3.1576188677275114,5.659537644221625,0.6108652381980141,15.000000000000018
40.14014014014014,0.510361691648168,-0.15040476770162592,0.13673550790471684,1.3895563568309028,3.115786192599465,5.673225031162003,0.6108652381980141,15.000000000000018
40.24024024024024,0.5103271706029316,-0.1503985697102562,0.13673256834838243,1.423089203918301,3.0744111120432294,5.686912121751847,0.6108652381980141,15.000000000000018
40.34034034034034,0.510293141449466,-0.1503924599009428,0.13672967073352288,1.4571826782443127,3.033501276989318,5.7005989202025384,0.6108652381980141,15.000000000000018
40.44044044044044,0.5102595971807433,-0.1503864370169208,0.13672681446732984,1.4918303447420351,2.9930642454795295,5.71428543067084,0.6108652381980141,15.000000000000018
40.54054054054054,0.5102265308832574,-0.15038049981917678,0.136723998963384,1.5270256717257806,2.953107482459126,5.72797165725895,0.6108652381980141,15.000000000000018
40.64064064064064,0.5101939357370239,-0.15037464708644882,0.13672122364165484,1.5627620308910763,2.9136383597768365,5.741657604014498,0.6108652381980141,15.000000000000018
40.74074074074074,0.51016180501558,-0.1503688776152266,0.13671848792850083,1.5990326973146667,2.8746641561848487,5.755343274930552,0.6108652381980141,15.000000000000018
40.84084084084084,0.5101301320859847,-0.15036319021975125,0.13671579125666924,1.6358308494545082,2.836192057338819,5.76902867394561,0.6108652381980141,15.000000000000018
40.94094094094094,0.5100989104088189,-0.1503575837320155,0.13671313306529634,1.6731495691497733,2.798229155797867,5.782713804943606,0.6108652381980141,15.000000000000018
41.04104104104104,0.510068133538185,-0.15035205700176357,0.1367105127999072,1.7109818416208502,2.7607824510245753,5.796398671753908,0.6108652381980141,15.000000000000018
41.14114114114114,0.5100377951217074,-0.15034660889649124,0.13670792991241587,1.7493205554693432,2.72385884938499,5.8100832781513185,0.6108652381980141,15.000000000000018
41.24124124124124,0.5100078889005318,-0.15034123830144577,0.13670538386112527,1.7881585026780709,2.6874651641486214,5.823767627856074,0.6108652381980141,15.000000000000018
41.34134134134134,0.509978408709326,-0.15033594411962606,0.13670287411072718,1.827488378611067,2.651608115488444,5.837451724533843,0.6108652381980141,15.000000000000018
41.44144144144144,0.5099493484729779,-0.15033072527017416,0.13670040013362988,1.8673027864623097,2.6162943265408356,5.851135571796781,0.6108652381980141,15.000000000000018
41.54154154154154,0.5099207021855816,-0.15032558067304375,0.13669796142597992,1.907594270611128,2.5815302919687193,5.864819173205917,0.6108652381980141,15.000000000000018
41.64164164164164,0.5098924639550427,-0.15032050926856383,0.13669555749272805,1.9483552590400808,2.5473224273678907,5.878502532255253,0.6108652381980141,15.000000000000018
41.74174174174174,0.5098646279746268,-0.1503155100145311,0.13669318784257806,1.9895780912371834,2.513677047826495,5.892185652390138,0.6108652381980141,15.000000000000018
41.84184184184184,0.509837188514592,-0.15031058188320745,0.1366908519897426,2.0312550284341557,2.4806003592079047,5.9058685370108455,0.6108652381980141,15.000000000000018
41.94194194194194,0.5098101399221887,-0.15030572386131996,0.1366885494539431,2.073378253606424,2.4480984581507146,5.9195511894725685,0.6108652381980141,15.000000000000018
42.04204204204204,0.5097834766216593,-0.15030093495006094,0.13668627976040984,2.1159398714731172,2.416177332068747,5.933233613085425,0.6108652381980141,15.000000000000018
42.14214214214214,0.509757193114239,-0.15029621416508787,0.1366840424398819,2.158931908497075,2.384842859151046,5.946915811114451,0.6108652381980141,15.000000000000018
42.24224224224224,0.5097312839781547,-0.1502915605365235,0.13668183702860714,2.202346312884833,2.3541008083618866,5.960597786779606,0.6108652381980141,15.000000000000018
42.34234234234234,0.5097057438686259,-0.15028697310895575,0.13667966306834237,2.246174954586641,2.323956839440763,5.974279543255772,0.6108652381980141,15.000000000000018
42.44244244244244,0.5096805675178644,-0.15028245094143775,0.1366775201063531,2.290409625296451,2.2944165029023966,5.9879610836727535,0.6108652381980141,15.000000000000018
42.54254254254254,0.5096557497350741,-0.15027799310748785,0.13667540769541367,2.3350420384519155,2.265485240036736,6.001642411115275,0.6108652381980141,15.000000000000018
42.64264264264264,0.5096312854064513,-0.1502735986950896,0.13667332539380728,2.3800638292344036,2.237168382908949,6.015323528622983,0.6108652381980141,15.000000000000018
42.74274274274274,0.5096071694951846,-0.15026926680669178,0.13667127276532592,2.4254665545689766,2.2094711543594356,6.029004439190448,0.6108652381980141,15.000000000000018
42.84284284284284,0.509583397026162,-0.15026499655189166,0.13666924938509928,2.471241722743765,2.182398649774106,6.042685145772199,0.6108652381980141,15.000000000000018
42.94294294294294,0.5095599631008318,-0.1502607870484231,0.13666725484293413,2.517380775240388,2.1559558451749044,6.056365651272723,0.6108652381980141,15.000000000000018
43.04304304304304,0.5095368629060527,-0.15025663743195755,0.13666528873151637,2.5638750609713266,2.1301476147685108,6.070045958548303,0.6108652381980141,15.000000000000018
43.14314314314314,0.5095140916921441,-0.1502525468500006,0.13666335064822183,2.6107158715399517,2.104978711059661,6.083726070417971,0.6108652381980141,15.000000000000018
43.24324324324324,0.5094916447728661,-0.15024851446188464,0.1366614401951207,2.657894441275984,2.0804537648302577,6.097405989663521,0.6108652381980141,15.000000000000018
43.34334334334334,0.5094695175254196,-0.1502445394387688,0.1366595569789777,2.7054019472354893,2.0565772851393764,6.111085719029498,0.6108652381980141,15.000000000000018
43.44344344344344,0.5094477053904461,-0.1502406209636389,0.136657700611252,2.7532295092008865,2.0333536593232586,6.12476526122321,0.6108652381980141,15.000000000000018
43.54354354354354,0.5094262038720281,-0.1502367582313076,0.13665587070809715,2.8013681896809386,2.010787152995317,6.138444618914722,0.6108652381980141,15.000000000000018
43.64364364364364,0.5094050085376887,-0.1502329504484142,0.13665406689036128,2.8498089939107594,1.988881910046133,6.152123794736854,0.6108652381980141,15.000000000000018
43.74374374374374,0.5093841150183915,-0.15022919683342478,0.13665228878358682,2.8985428698518074,1.9676419526434585,6.165802791285183,0.6108652381980141,15.000000000000018
43.84384384384384,0.5093635190085414,-0.1502254966166322,0.13665053601801078,2.947560708191897,1.9470711812322115,6.179481611118051,0.6108652381980141,15.000000000000018
43.94394394394394,0.5093432162659836,-0.150221849040156,0.13664880822856448,2.9968533423451835,1.9271733745344823,6.193160256756549,0.6108652381980141,15.000000000000018
44.04404404404404,0.5093232026120041,-0.15021825335794253,0.13664710505487387,3.0464115484521734,1.9079521895495295,6.206838730684531,0.6108652381980141,15.000000000000018
44.14414414414414,0.5093034739268955,-0.150214708834103,0.13664542614224304,3.0962260560895287,1.889411157529013,6.220517035350468,0.6108652381980141,15.000000000000018
44.24424424424424,0.5092840261391185,-0.15021121473611876,0.13664377114808618,3.1462875820193066,1.8715536694487653,6.234195173169713,0.6108652381980141,15.000000000000018
44.34434434434434,0.5092648552556335,-0.15020777034623425,0.13664213973505265,3.196586757784266,1.8543830025644552,6.247873146511846,0.6108652381980141,15.000000000000018
44.44444444444444,0.5092459573388242,-0.1502043749573132,0.1366405315694271,3.2471141736983062,1.8379023063766733,6.2615509577141655,0.6108652381980141,15.000000000000018
44.54454454454454,0.5092273285033204,-0.15020102787190526,0.13663894632145182,3.297860385835716,1.8221146001578135,6.275228609083239,0.6108652381980141,15.000000000000018
44.64464464464464,0.5092089649159979,-0.15019772840224593,0.13663738366532693,3.348815916031173,1.807022772952073,6.288906102894906,0.6108652381980141,15.000000000000018
44.74474474474474,0.5091908627959787,-0.1501944758702567,0.13663584327921013,3.399971251879742,1.7926295835754524,6.302583441394273,0.6108652381980141,15.000000000000018
44.84484484484484,0.5091730184146304,-0.1501912696075449,0.13663432484521695,3.4513168467368796,1.7789376606157563,6.316260626795722,0.6108652381980141,15.000000000000018
44.94494494494494,0.5091554280955669,-0.15018810895540385,0.1366328280494206,3.5028431197184315,1.7659495024325917,6.329937661282901,0.6108652381980141,15.000000000000018
45.04504504504504,0.5091380882146479,-0.1501849932648127,0.13663135258185197,3.5545404557006295,1.7536674771573701,6.343614547008729,0.6108652381980141,15.000000000000018
45.14514514514514,0.5091209951999792,-0.1501819218964365,0.1366298981364997,3.6063992053200984,1.742093822693305,6.357291286095397,0.6108652381980141,15.000000000000018
45.24524524524524,0.5091041455319126,-0.1501788942206263,0.13662846441131016,3.6584096849738517,1.7312306467154137,6.370967880634366,0.6108652381980141,15.000000000000018
45.34534534534534,0.5090875357430459,-0.15017590961741897,0.1366270511081874,3.7105621768192876,1.7210799266705177,6.384644332686364,0.6108652381980141,15.000000000000018
45.44544544544544,0.5090711624181937,-0.1501729674765287,0.1366256579329963,3.762846928857518,1.7116435097634668,6.39832064428141,0.6108652381980141,15.000000000000018
45.545545545545544,0.5090550221812875,-0.15017006719253617,0.13662428459827258,3.815254196579754,1.7029231052375522,6.41199681742441,0.6108652381980141,15.000000000000018
45.645645645645644,0.509039111711747,-0.15016720816778337,0.13662293082440324,3.867774204692576,1.6949202884494459,6.4256728540855645,0.6108652381980141,15.000000000000018
45.745745745745744,0.5090234277454805,-0.15016438981577745,0.13662159633486032,3.9203971322701654,1.6876365056019234,6.439348756202514,0.6108652381980141,15.000000000000018
45.845845845845844,0.5090079670613256,-0.15016161155795246,0.13662028085642264,3.9731131486851807,1.6810730684860469,6.453024525687611,0.6108652381980141,15.000000000000018
45.945945945945944,0.5089927264810487,-0.15015887282366908,0.1366189841191757,4.02591241360876,1.6752311544811664,6.466700164427924,0.6108652381980141,15.000000000000018
46.046046046046044,0.5089777028693451,-0.15015617305021486,0.13661770585651176,4.078785077010514,1.6701118065549192,6.480375674285238,0.6108652381980141,15.000000000000018
46.146146146146144,0.5089628931338391,-0.15015351168280416,0.13661644580512972,4.131721279158535,1.6657159332632294,6.494051057096048,0.6108652381980141,15.000000000000018
46.246246246246244,0.5089482942250843,-0.15015088817457806,0.1366152037050353,4.184711150619392,1.6620443087503087,6.507726314671566,0.6108652381980141,15.000000000000018
46.346346346346344,0.5089339031365626,-0.15014830198660448,0.13661397929954086,4.237744812258127,1.659097572748656,6.521401448797717,0.6108652381980141,15.000000000000018
46.446446446446444,0.5089197169046856,-0.1501457525878781,0.1366127723352655,4.290812375238264,1.6568762305790572,6.5350764612351435,0.6108652381980141,15.000000000000018
46.546546546546544,0.5089057326087933,-0.15014323945532038,0.13661158256213507,4.343903941021803,1.6553806531505857,6.548751353719197,0.6108652381980141,15.000000000000018
46.646646646646644,0.508891947371155,-0.15014076207377958,0.13661040973338207,4.397009601369218,1.6546110769606017,6.562426127959948,0.6108652381980141,15.000000000000018
46.746746746746744,0.5088783583569686,-0.15013831993603077,0.13660925360554574,4.450119438339465,1.6545676040947535,6.576100785642177,0.6108652381980141,15.000000000000018
46.846846846846844,0.508864962773185,-0.1501359125424334,0.1366081139385801,4.5032235285566635,1.6552502023099156,6.589775328425966,0.6108652381980141,15.000000000000018
46.946946946946944,0.5088517578559433,-0.15013353939625732,0.13660699049851163,4.556311995251971,1.656658704655696,6.603449757952032,0.6108652381980141,15.000000000000018
47.047047047047045,0.508838740894568,-0.15013120000984348,0.13660588305641164,4.609374927522387,1.6587928062800654,6.617124075829225,0.6108652381980141,15.000000000000018
47.147147147147145,0.5088259092193006,-0.1501288939033865,0.13660479138600273,4.662402411027676,1.6616520676655024,6.63079828364257,0.6108652381980141,15.000000000000018
47.247247247247245,0.5088132601955179,-0.15012662060354934,0.13660371526374745,4.715384547152205,1.6652359153644876,6.644472382956377,0.6108652381980141,15.000000000000018
47.347347347347345,0.5088007912237322,-0.15012437964346345,0.13660265446884814,4.768311453004951,1.6695436419995031,6.658146375314237,0.6108652381980141,15.000000000000018
47.447447447447445,0.5087884997395911,-0.15012217056272875,0.13660160878324706,4.821173261419496,1.6745744062630343,6.671820262239022,0.6108652381980141,15.000000000000018
47.547547547547545,0.5087763832138776,-0.1501199929074135,0.13660057799162637,4.873960120954032,1.680327232917568,6.685494045232889,0.6108652381980141,15.000000000000018
47.647647647647645,0.5087644391525104,-0.15011784623005447,0.13659956188140804,4.926662195891358,1.686801012795593,6.699167725777276,0.6108652381980141,15.000000000000018
47.747747747747745,0.5087526650965433,-0.15011573008965687,0.13659856024275394,4.979269666238878,1.693994502799601,6.712841305332902,0.6108652381980141,15.000000000000018
47.847847847847845,0.5087410586221657,-0.15011364405169428,0.13659757286856583,5.0317727277286055,1.7019063259020848,6.726514785339773,0.6108652381980141,15.000000000000018
47.947947947947945,0.5087296173407022,-0.15011158768810876,0.1365965995544853,5.084161591817166,1.7105349711455409,6.7401881672171715,0.6108652381980141,15.000000000000018
48.048048048048045,0.5087183388986133,-0.15010956057731076,0.13659564009889386,5.13642648568578,1.7198787936424658,6.753861452363666,0.6108652381980141,15.000000000000018
48.148148148148145,0.5087072209774944,-0.15010756230417927,0.13659469430291285,5.188557652240287,1.7299360145753597,6.767534642157107,0.6108652381980141,15.000000000000018
48.248248248248245,0.5086962612933443,-0.1501055924598574,0.1365937619704567,5.240545353305058,1.7407047218824572,6.781207737954998,0.6108652381980141,15.000000000000018
48.348348348348345,0.5086854575854384,-0.1501036506379593,0.13659284291006393,5.292379924537033,1.7521828806483137,6.794880741099524,0.6108652381980142,15.000000000000027
48.448448448448445,0.5086748076362729,-0.15010173643944413,0.1365919369344418,5.3440516959354385,1.7643683141080637,6.808553652906929,0.6108652381980143,15.000000000000043
48.548548548548546,0.5086643092627308,-0.15009984947187877,0.13659104385851606,5.395551015805136,1.777258711641856,6.822226474673442,0.6108652381980144,15.00000000000006
48.648648648648646,0.5086539603103446,-0.150097989348088,0.1365901634994743,5.446868273584292,1.7908516341285514,6.8358992076783744,0.6108652381980145,15.000000000000073
48.748748748748746,0.5086437586532964,-0.15009615568615456,0.13658929567676598,5.497993899844384,1.8051445139457238,6.849571853184133,0.6108652381980146,15.000000000000082
48.848848848848846,0.5086337021944183,-0.1500943481094191,0.13658844021210229,5.548918366290189,1.820134654969659,6.86324441243621,0.6108652381980146,15.00000000000008
48.948948948948946,0.5086237888651919,-0.15009256624648015,0.13658759692945632,5.599632185759791,1.8358192325753542,6.876916886663185,0.6108652381980145,15.00000000000007
49.049049049049046,0.5086140166257485,-0.15009080973119418,0.13658676565506297,5.650125912224583,1.8521952936365202,6.890589277076729,0.6108652381980144,15.000000000000052
49.149149149149146,0.5086043834648691,-0.15008907820267559,0.13658594621741893,5.700390140789258,1.8692597565255786,6.904261584871599,0.6108652381980143,15.000000000000023
49.249249249249246,0.5085948873999844,-0.15008737130529667,0.13658513844728276,5.750415507691822,1.8870094111136662,6.917933811225644,0.610865238198014,14.99999999999999
49.349349349349346,0.5085855264771748,-0.15008568868868763,0.1365843421776748,5.800192690303579,1.9054409187706274,6.931605957299797,0.6108652381980137,14.999999999999954
49.449449449449446,0.5085762987711703,-0.15008403000773662,0.13658355724387722,5.849712407129142,1.924550812365023,6.9452780242380845,0.6108652381980135,14.999999999999922
49.549549549549546,0.5085672023853507,-0.15008239492258968,0.13658278348343403,5.898965417806426,1.9443354962641222,6.958950013167618,0.6108652381980132,14.999999999999895
49.649649649649646,0.5085582354517456,-0.15008078309865075,0.13658202073615106,5.947942523106668,1.9647912463339132,6.972621925198601,0.6108652381980131,14.999999999999883
49.749749749749746,0.50854939612368,-0.15007919420434807,0.13658126884489669,5.996634605602812,1.9859142266813978,6.9862937614278815,0.610865238198013,14.999999999999881
49.849849849849846,0.5085406825833301,-0.1500776279123517,0.13658052765636886,6.045032602834554,2.0077004751061387,6.999965522934399,0.610865238198013,14.999999999999883
49.949949949949946,0.5085320930456296,-0.1500760839017403,0.13657979701918418,6.0931274746051605,2.030145891615998,7.013637210778132,0.6108652381980131,14.999999999999885
50.050050050050054,0.508523625748852,-0.1500745618558599,0.1365790767838278,6.140910245941211,2.053246258035815,7.027308826005263,0.6108652381980131,14.999999999999886
50.150150150150154,0.5085152789546086,-0.15007306146232383,0.13657836680265342,6.18837200709968,2.0769972380104833,7.0409803696481825,0.6108652381980132,14.99999999999989
50.250250250250254,0.5085070509478486,-0.1500715824130124,0.1365776669298833,6.2355039135679595,2.1013943770049575,7.054651842725489,0.6108652381980132,14.999999999999893
50.350350350350354,0.50849894003686,-0.15007012440407327,0.13657697702160826,6.282297186063844,2.1264331023042495,7.068323246241991,0.6108652381980133,14.999999999999895
50.450450450450454,0.508490944553268,-0.15006868713592109,0.13657629693578768,6.328743110535537,2.15210872301343,7.081994581188701,0.6108652381980134,14.999999999999897
50.550550550550554,0.5084830628520366,-0.15006727031323766,0.13657562653224958,6.374833038161647,2.1784164300576268,7.095665848542842,0.6108652381980134,14.999999999999899
50.650650650650654,0.5084752933114672,-0.150065873644972,0.13657496567269045,6.420558385351188,2.205351296182026,7.109337049267842,0.6108652381980134,14.9999999999999
50.750750750750754,0.5084676343332,-0.15006449684434026,0.13657431422067537,6.465910633743586,2.2329082759518717,7.12300818431334,0.6108652381980134,14.9999999999999
50.850850850850854,0.5084600843422126,-0.1500631396288257,0.13657367204163803,6.510881330208669,2.261082205752468,7.136679254615181,0.6108652381980134,14.9999999999999
50.950950950950954,0.5084526417868211,-0.15006180172017872,0.13657303900288068,6.55546208684667,2.2898678037891713,7.150350261095416,0.6108652381980134,14.9999999999999
51.051051051051054,0.5084453051386797,-0.15006048284441695,0.13657241497357406,6.599644580988237,2.3192596700874044,7.164021204662306,0.6108652381980134,14.999999999999899
51.151151151151154,0.5084380728896064,-0.15005918273095706,0.1365717998249559,6.643420574077759,2.349252299140125,7.177692086211939,0.6108652381980134,14.999999999999899
51.251251251251254,0.5084309435497812,-0.15005790111157422,0.1365711934312546,6.686781932883966,2.3798400911704256,7.19136290662869,0.6108652381980134,14.999999999999899
51.351351351351354,0.5084239156589088,-0.15005663772368105,0.13657059566863544,6.729720560726898,2.411017306212497,7.205033666779724,0.6108652381980134,14.999999999999899
51.451451451451454,0.508416987776269,-0.15005539230829043,0.13657000641479752,6.7722284448069905,2.4427780988215417,7.2187043675206555,0.6108652381980134,14.999999999999899
51.551551551551555,0.5084101584801672,-0.1500541646098825,0.13656942554898147,6.814297659162092,2.4751165201376417,7.2323750096958435,0.6108652381980134,14.999999999999899
51.651651651651655,0.5084034263679337,-0.1500529543764048,0.13656885295196958,6.855920364667463,2.5080265178857557,7.246045594138393,0.6108652381980134,14.999999999999899
51.751751751751755,0.5083967900559239,-0.15005176135927223,0.1365682885060858,6.897088809035781,2.5415019363757194,7.259716121670154,0.6108652381980134,14.999999999999899
51.851851851851855,0.5083902481795181,-0.150050585313367,0.13656773209519568,6.937795326817134,2.5755365165022486,7.27338659310172,0.6108652381980134,14.999999999999899
51.951951951951955,0.5083837993931221,-0.15004942599703874,0.13656718360470646,6.978032339399026,2.6101238957449335,7.2870570092324325,0.6108652381980134,14.999999999999899
52.052052052052055,0.5083774423701666,-0.15004828317210436,0.13656664292156695,7.017792355006374,2.6452576081682437,7.300727370850375,0.6108652381980134,14.999999999999899
52.152152152152155,0.5083711758031073,-0.15004715660384815,0.1365661099342676,7.0570679687015065,2.6809310844215273,7.314397678732377,0.6108652381980134,14.999999999999899
52.252252252252255,0.5083649984034253,-0.15004604606102181,0.13656558453284057,7.095851862384174,2.717137651739014,7.328067933644016,0.6108652381980134,14.999999999999899
52.352352352352355,0.5083589089016264,-0.1500449513158443,0.13656506660885953,7.134136804791526,2.753870533939797,7.34173813633961,0.6108652381980134,14.999999999999899
52.452452452452455,0.5083529060472419,-0.15004387214400203,0.13656455605543988,7.171915651498137,2.7911228514278617,7.355408287562224,0.6108652381980134,14.999999999999899
52.552552552552555,0.5083469886075253,-0.15004280832432457,0.13656405276726993,7.209181352772187,2.828887629099024,7.3690783880443655,0.6108652381980134,14.999999999999899
52.652652652652655,0.5083411553628597,-0.1500417596373605,0.13656355664113953,7.2459269884621085,2.8671578287722483,7.38274843851018,0.6108652381980134,14.999999999999899
52.752752752752755,0.5083354051180166,-0.150040725868142,0.13656306757571063,7.282145702546382,2.905926281957398,7.3964184396694455,0.6108652381980134,14.999999999999899
52.852852852852855,0.5083297366946735,-0.15003970680483225,0.1365625854709341,7.317830736624253,2.9451857274949345,7.410088392221986,0.6108652381980134,14.999999999999899
52.952952952952955,0.5083241489300279,-0.15003870223841587,0.1365621102280301,7.352975437439592,2.9849288194237444,7.423758296858432,0.6108652381980134,14.999999999999899
53.053053053053056,0.5083186406767967,-0.1500377119626986,0.13656164174948823,7.387573256880882,3.025148126981139,7.437428154260232,0.6108652381980134,14.999999999999899
53.153153153153156,0.5083132108032165,-0.15003673577430768,0.13656117993906747,7.421617751981227,3.0658361346028538,7.45109796509964,0.6108652381980134,14.999999999999899
53.253253253253256,0.5083078581930432,-0.15003577347269148,0.13656072470179614,7.455102584918349,3.106985241923049,7.464767730039724,0.6108652381980134,14.999999999999899
53.353353353353356,0.508302581745553,-0.15003482486011976,0.13656027594397202,7.48802152301459,3.1485877637743123,7.478437449734364,0.6108652381980134,14.999999999999899
53.453453453453456,0.5082973803755407,-0.1500338897416836,0.13655983357316215,7.520368438736907,3.1906359301876526,7.492107124828251,0.6108652381980134,14.999999999999899
53.553553553553556,0.5082922530133216,-0.15003296792529539,0.13655939749820312,7.552137309696875,3.2331218863925053,7.505776755956886,0.6108652381980134,14.999999999999899
53.653653653653656,0.5082871986047298,-0.15003205922168875,0.13655896762920072,7.583322218650694,3.2760376928167325,7.519446343746586,0.6108652381980134,14.999999999999899
53.753753753753756,0.5082822161111197,-0.15003116344441866,0.13655854387753025,7.613917353499173,3.3193753250866176,7.533115888814473,0.6108652381980134,14.999999999999899
53.853853853853856,0.5082773045093646,-0.15003028040986144,0.13655812615583635,7.6439170072877465,3.3631266740268715,7.546785391768487,0.6108652381980134,14.999999999999899
53.953953953953956,0.5082724627914109,-0.1500294099371116,0.13655771437803102,7.6733155807324165,3.4072835494793274,7.56045485320762,0.6108652381980134,14.999999999999899
54.054054054054056,0.5082676899594119,-0.150028551846714,0.1365573084594892,7.702107614440298,3.45183772634068,7.574124273724468,0.6108652381980134,14.999999999999899
54.154154154154156,0.5082629850347831,-0.1500277059626401,0.13655690831724748,7.730287742470756,3.4967808712703565,7.587793653900172,0.6108652381980134,14.999999999999899
54.254254254254256,0.5082583470537687,-0.15002687211161458,0.13655651386946022,7.757850707467379,3.542104570683605,7.601462994307145,0.6108652381980134,14.999999999999899
54.354354354354356,0.5082537750652724,-0.15002605012265907,0.13655612503532472,7.784791371602204,3.587800347997788,7.6151322955103025,0.6108652381980134,14.999999999999899
54.454454454454456,0.508249268130858,-0.15002523982709226,0.13655574173508112,7.811104716575711,3.633859663632384,7.628801558067059,0.6108652381980134,14.999999999999899
54.55455455455456,0.5082448253247495,-0.15002444105852972,0.1365553638900125,7.836785843616821,3.6802739150089847,7.6424707825273295,0.6108652381980134,14.999999999999899
54.65465465465466,0.5082404457338304,-0.15002365365288403,0.13655499142244482,7.861829973482903,3.7270344365512993,7.656139969433528,0.6108652381980134,14.999999999999899
54.75475475475476,0.5082361284576448,-0.15002287744836484,0.13655462425574688,7.886232446459772,3.77413249968515,7.6698091193205675,0.6108652381980134,14.999999999999899
54.85485485485486,0.5082318726083961,-0.15002211228547868,0.13655426231433046,7.909988722361683,3.821559312838475,7.683478232715863,0.6108652381980134,14.999999999999899
54.95495495495496,0.5082276773109481,-0.15002135800702912,0.13655390552365018,7.9330943805313385,3.869306021441328,7.6971473101393295,0.6108652381980134,14.999999999999899
55.05505505505506,0.5082235417028244,-0.1500206144581167,0.13655355381020354,7.955545119839883,3.917363707925875,7.710816352103379,0.6108652381980134,14.999999999999899
55.15515515515516,0.5082194649342084,-0.15001988148613896,0.136553207101531,7.977336758686909,3.9657233917264048,7.724485359112928,0.6108652381980134,14.999999999999899
55.25525525525526,0.508215446167944,-0.15001915894079038,0.1365528653262158,7.99846523500045,4.014376029279308,7.73815433166539,0.6108652381980134,14.999999999999899
55.35535535535536,0.5082114845794845,-0.15001844667405162,0.13655252841388288,8.018926606468195,4.063312514592459,7.751823270250706,0.6108652381980134,14.999999999999899
55.45545545545546,0.508207579352908,-0.1500177445392546,0.13655219629520074,8.038717071605932,4.112523728285082,7.76549217535352,0.6108652381980134,14.999999999999899
55.55555555555556,0.508203729686522,-0.1500170523921715,0.13655186890221055,8.057832949453237,4.162000481314635,7.779161047449933,0.6108652381980134,14.999999999999899
55.65565565565566,0.508199934792093,-0.15001637009107496,0.13655154616796422,8.076270675772745,4.211733512759205,7.792829887008125,0.6108652381980134,14.999999999999899
55.75575575575576,0.5081961938917061,-0.1500156974961069,0.13655122802636835,8.094026815801314,4.261713522973425,7.806498694490163,0.6108652381980134,14.999999999999899
55.85585585585586,0.5081925062177653,-0.15001503446927875,0.1365509144121842,8.111098064250033,4.311931173588478,7.820167470351995,0.6108652381980134,14.999999999999899
55.95595595595596,0.5081888710129937,-0.15001438087447122,0.13655060526102783,8.127481245304212,4.362377087512095,7.833836215043456,0.6108652381980134,14.999999999999899
56.05605605605606,0.508185287530433,-0.15001373657743458,0.1365503005093699,8.143173312623391,4.413041848928551,7.847504929008261,0.6108652381980134,14.999999999999899
56.15615615615616,0.508181755033444,-0.15001310144578836,0.13655000009453583,8.158171349341341,4.463916003298671,7.861173612684014,0.6108652381980134,14.999999999999899
56.25625625625626,0.508178272795706,-0.15001247534902162,0.13654970395470575,8.17247256806605,4.514990057359827,7.874842266502196,0.6108652381980134,14.999999999999899
56.35635635635636,0.5081748401012177,-0.15001185815849274,0.13654941202891452,8.18607431087974,4.566254479125938,7.888510890888179,0.6108652381980134,14.999999999999899
56.45645645645646,0.5081714562442962,-0.15001124974742958,0.13654912425705168,8.198974049338856,4.617699697887471,7.902179486261216,0.6108652381980134,14.999999999999899
56.55655655655656,0.5081681205295776,-0.15001064999092928,0.13654884057986144,8.211169384474072,4.66931610421144,7.91584805303444,0.6108652381980134,14.999999999999899
56.65665665665666,0.5081648322720171,-0.15001005876595858,0.13654856093894277,8.222658046790288,4.721094049941414,7.9295165916148775,0.6108652381980134,14.999999999999899
56.75675675675676,0.5081615907968885,-0.15000947595135342,0.13654828527674936,8.23343789626663,4.773023848197491,7.943185102403428,0.6108652381980134,14.999999999999899
56.85685685685686,0.5081583954377972,-0.15000890142738346,0.13654801353654397,8.243506928736945,4.8250958042877,7.956853585795993,0.6108652381980134,14.999999999999899
56.95695695695696,0.5081552455372167,-0.15000833507574743,0.13654774566259145,8.252863279382868,4.877300218564609,7.970522042183063,0.6108652381980134,14.999999999999899
57.05705705705706,0.508152140450459,-0.15000777678051813,0.13654748160013513,8.26150520812392,4.929627319602377,7.984190471947567,0.6108652381980134,14.999999999999899
57.15715715715716,0.5081490795413219,-0.15000722642730618,0.1365472212951208,8.26943110919833,4.982067321922311,7.997858875467405,0.6108652381980134,14.999999999999899
57.25725725725726,0.5081460621820009,-0.1500066839032417,0.1365469646941927,8.276639511402161,5.03461042727458,8.011527253115498,0.6108652381980134,14.999999999999899
57.35735735735736,0.5081430877530877,-0.15000614909697418,0.13654671174469354,8.283129078089303,5.0872468246382185,8.025195605259785,0.6108652381980134,14.999999999999899
57.45745745745746,0.5081401556435718,-0.15000562189867264,0.13654646239466464,8.288898607171468,5.139966690221124,8.038863932263233,0.6108652381980134,14.999999999999899
57.55755755755756,0.5081372652508395,-0.1500051022000255,0.13654621659284574,8.293947031118202,5.192760187460054,8.052532234483822,0.6108652381980134,14.999999999999899
57.65765765765766,0.5081344159806738,-0.15000458989424062,0.13654597428867507,8.298273416956869,5.245617467020636,8.066200512274559,0.6108652381980134,14.999999999999899
57.75775775775776,0.5081316072472555,-0.15000408487604538,0.13654573543228948,8.301876966272669,5.298528666797352,8.07986876598347,0.6108652381980134,14.999999999999899
57.85785785785786,0.5081288384731617,-0.15000358704168654,0.13654549997452417,8.304757015208619,5.3514839119135535,8.0935369959536,0.6108652381980134,14.999999999999899
57.95795795795796,0.5081261090893672,-0.15000309628893038,0.13654526786691296,8.306913034465571,5.404473314721459,8.107205202523021,0.6108652381980134,14.999999999999899
58.05805805805806,0.5081234185352433,-0.15000261251706254,0.1365450390616881,8.308344629302201,5.457486974802132,8.120873386024819,0.6108652381980134,14.999999999999899
58.15815815815816,0.508120766258559,-0.1500021356268882,0.1365448135117804,8.309051539535009,5.51051497896553,8.134541546787105,0.6108652381980134,14.999999999999899
58.25825825825826,0.508118151715066,-0.15000166552064623,0.1365445911708021,8.309033639521292,5.563547409016284,8.14820968513325,0.6108652381980134,14.999999999999899
58.35835835835836,0.5081155743658647,-0.15000120210141074,0.1365443719930153,8.3082909398152,5.616574398648787,8.161877801383328,0.6108652381980134,14.999999999999899
58.45845845845846,0.5081130336829655,-0.15000074527421903,0.13654415593359728,8.30682358888584,5.669586033863896,8.175545895850947,0.6108652381980134,14.999999999999899
58.55855855855856,0.5081105291461647,-0.1500002949455313,0.13654394294835,8.304631870011866,5.7225723978388015,8.189213968845111,0.6108652381980134,14.999999999999899
58.65865865865866,0.508108060242076,-0.14999985102304006,0.13654373299364447,8.301716200926553,5.775523587732302,8.202882020670776,0.6108652381980134,14.999999999999899
58.75875875875876,0.5081056264641299,-0.1499994134156702,0.13654352602642061,8.29807713381779,5.828429714684809,8.216550051628861,0.6108652381980134,14.999999999999899
58.85885885885886,0.5081032273125737,-0.14999898203357895,0.1365433220041874,8.293715355328086,5.881280903818345,8.230218062016236,0.6108652381980134,14.999999999999899
58.95895895895896,0.508100862294472,-0.14999855678815602,0.1365431208850227,8.288631686554568,5.9340672942365424,8.243886052125731,0.6108652381980134,14.999999999999899
59.05905905905906,0.508098530923706,-0.14999813759202335,0.13654292262757353,8.282827083048982,5.986779039024644,8.257554022246133,0.6108652381980134,14.999999999999899
59.15915915915916,0.5080962327209739,-0.14999772435903533,0.13654272719105576,8.276302634817691,6.039406305249506,8.271221972662183,0.6108652381980134,14.999999999999899
59.25925925925926,0.5080939672137912,-0.14999731700427874,0.1365425345352543,8.269059566321676,6.0919392739595954,8.284889903654582,0.6108652381980134,14.999999999999899
59.35935935935936,0.5080917339364899,-0.14999691544407262,0.1365423446205231,8.261099236476536,6.144368140184987,8.298557815499985,0.6108652381980134,14.999999999999899
59.45945945945946,0.508089532430219,-0.14999651959596852,0.136542157407785,8.25242313865249,6.19668311293737,8.312225708471006,0.6108652381980134,14.999999999999899
59.55955955955956,0.508087362242945,-0.14999612937875023,0.13654197285853187,8.243032900674375,6.248874415210044,8.325893582836214,0.6108652381980134,14.999999999999899
59.65965965965966,0.5080852229294508,-0.14999574471243401,0.13654179093482466,8.232930284821645,6.300932283977917,8.339561438860137,0.6108652381980134,14.999999999999899
59.75975975975976,0.5080831140500288,-0.14999536551799889,0.13654161159923647,8.222117181788658,6.352847000794942,8.353229276804003,0.6108652381980134,14.999999999999899
59.85985985985986,0.508081035170566,-0.149994991717347,0.1365414348149413,8.210595611605365,6.404608902464035,8.366897096925648,0.6108652381980134,14.999999999999899
59.95995995995996,0.5080789858657434,-0.1499946232339932,0.13654126054580662,8.198367738677685,6.456208301705624,8.380564899477713,0.6108652381980134,14.999999999999899
60.06006006006006,0.5080769657158534,-0.1499942599924675,0.136541088756167,8.185435856813427,6.507635549791673,8.394232684709515,0.6108652381980134,14.999999999999899
60.16016016016016,0.5080749743067059,-0.1499939019182965,0.13654091941081892,8.17180238878605,6.55888103855301,8.40790045286709,0.6108652381980134,14.999999999999899
60.26026026026026,0.5080730112296289,-0.14999354893800368,0.13654075247502062,8.157469886334656,6.6099352003793355,8.42156820419321,0.6108652381980134,14.999999999999899
60.36036036036036,0.5080710760814676,-0.14999320097910915,0.13654058791449222,8.142441030164,6.660788508219214,8.435235938927367,0.6108652381980134,14.999999999999899
60.46046046046046,0.5080691684645853,-0.1499928579701297,0.13654042569541563,8.126718629944476,6.711431475580082,8.448903657305781,0.6108652381980134,14.999999999999899
60.56056056056056,0.5080672879868628,-0.14999251984057896,0.13654026578443462,8.110305624312133,6.761854656528246,8.462571359561403,0.6108652381980134,14.999999999999899
60.66066066066066,0.5080654342616986,-0.14999218652096716,0.1365401081486548,8.09320508086866,6.812048645688874,8.476239045923903,0.6108652381980134,14.999999999999899
60.76076076076076,0.5080636069080091,-0.14999185794280132,0.13653995275564354,8.075420196181401,6.862004078246005,8.48990671661968,0.6108652381980134,14.999999999999899
60.86086086086086,0.5080618055502281,-0.14999153403858514,0.13653979957343013,8.056954295783338,6.911711629942556,8.503574371871865,0.6108652381980134,14.999999999999899
60.96096096096096,0.5080600298183073,-0.14999121474181906,0.13653964857050563,8.037810834173106,6.9611620170803015,8.51724201190031,0.6108652381980134,14.999999999999899
61.06106106106106,0.5080582793477163,-0.14999089998700027,0.13653949971582294,8.017993394814985,7.010345996519887,8.530909636921594,0.6108652381980134,14.999999999999899
61.16116116116116,0.508056553779442,-0.14999058970962262,0.1365393529787968,7.997505690138901,7.059254365680828,8.544577247149023,0.6108652381980134,14.999999999999899
61.26126126126126,0.5080548527583901,-0.1499902838458517,0.13653920832922695,7.976351543144566,7.107878006703017,8.558244842793547,0.6108652381980134,14.999999999999899
61.36136136136136,0.5080531759348814,-0.14998998233278232,0.1365390657374394,7.954534902177765,7.156207860512531,8.571912424062864,0.6108652381980134,14.999999999999899
61.46146146146146,0.5080515229659225,-0.1499896851087345,0.13653892517428992,7.932059857633059,7.204234881911946,8.585579991160715,0.6108652381980134,14.999999999999899
61.56156156156156,0.5080498935129745,-0.1499893921128324,0.1365387866110079,7.908930618004703,7.25195009151018,8.599247544288206,0.6108652381980134,14.999999999999899
61.66166166166166,0.50804828724195,-0.1499891032850038,0.13653865001919618,7.885151509855197,7.2993445757941045,8.612915083643797,0.6108652381980134,14.999999999999899
61.76176176176176,0.5080467038232132,-0.1499888185659801,0.13653851537083112,7.860726977815284,7.3464094871285495,8.62658260942331,0.6108652381980134,14.999999999999899
61.86186186186186,0.5080451429315794,-0.14998853789729613,0.13653838263826243,7.835661584583956,7.393136043756299,8.640250121819918,0.6108652381980134,14.999999999999899
61.96196196196196,0.508043604246316,-0.14998826122129044,0.13653825179421344,7.809960010928448,7.439515529798094,8.65391762102416,0.6108652381980134,14.999999999999899
62.06206206206206,0.5080420874511413,-0.14998798848110514,0.13653812281178085,7.783627055684236,7.485539295252631,8.667585107223934,0.6108652381980134,14.999999999999899
62.16216216216216,0.5080405922342254,-0.14998771962068588,0.1365379956644348,7.756667635755048,7.53119875599656,8.68125258060449,0.6108652381980134,14.999999999999899
62.26226226226226,0.5080391182881896,-0.14998745458478194,0.136537870326019,7.729086786112849,7.576485393784494,8.694920041348443,0.6108652381980134,14.999999999999899
62.36236236236236,0.5080376653101071,-0.1499871933189461,0.1365377467707505,7.700889659797856,7.621390756248992,8.708587489635763,0.6108652381980134,14.999999999999899
62.46246246246246,0.5080362330015021,-0.1499869357695348,0.13653762497321992,7.672081527918528,7.665906456900574,8.722254925643776,0.6108652381980134,14.999999999999899
62.56256256256256,0.5080348210683507,-0.14998668188370806,0.1365375049083913,7.642667779651567,7.710024175127718,8.735922349547176,0.6108652381980134,14.999999999999899
62.66266266266266,0.5080334292210803,-0.14998643160942945,0.13653738655160216,7.612653922241919,7.7537356561968585,8.749589761518006,0.6108652381980134,14.999999999999899
62.76276276276276,0.5080320571734107,-0.14998618489523505,0.13653726987850087,7.582045556665202,7.797032746702459,8.763257161726342,0.6108652381980136,14.9999999999999
62.86286286286286,0.5080307046430841,-0.1499859416903485,0.13653715486513165,7.550848387573436,7.839907386413575,8.776924550339833,0.6108652381980142,14.999999999999908
62.96296296296296,0.5080293713535008,-0.14998570194502844,0.13653704148799012,7.519068260974012,7.88235155094731,8.79059192752279,0.6108652381980149,14.999999999999915
63.06306306306306,0.5080280570316599,-0.1499854656101829,0.13653692972387405,7.4867111252315475,7.924357304180294,8.804259293437386,0.6108652381980155,14.999999999999922
63.16316316316316,0.5080267614081408,-0.14998523263736588,0.1365368195498823,7.453783030707394,7.965916798752865,8.817926648243672,0.610865238198016,14.999999999999925
63.26326326326326,0.5080254842171038,-0.14998500297877737,0.13653671094341477,7.42029012975964,8.007022276069069,8.831593992099567,0.6108652381980161,14.999999999999925
63.36336336336336,0.5080242251962892,-0.1499847765872633,0.13653660388217234,7.386238676743111,8.047666066296664,8.845261325160871,0.6108652381980159,14.999999999999922
63.46346346346346,0.5080229840870182,-0.14998455341631564,0.13653649834415693,7.351635028009367,8.087840588367108,8.858928647581259,0.6108652381980153,14.999999999999913
63.56356356356356,0.5080217606341921,-0.1499843334200722,0.13653639430767153,7.316485641906705,8.127538349975577,8.872595959512275,0.6108652381980142,14.999999999999899
63.66366366366366,0.5080205545862934,-0.14998411655331687,0.13653629175132012,7.280797078780157,8.166751947580947,8.886263261103347,0.6108652381980129,14.999999999999883
63.76376376376376,0.5080193656953843,-0.14998390277147947,0.1365361906540077,7.2445760009714935,8.205474066405808,8.899930552501768,0.6108652381980113,14.999999999999863
63.86386386386386,0.5080181937171081,-0.14998369203063572,0.13653609099494038,7.207829172819218,8.243697480436454,8.913597833852714,0.6108652381980096,14.999999999999844
63.96396396396396,0.5080170384106882,-0.14998348428750743,0.13653599275362524,7.170563460658571,8.28141505242289,8.927265105299234,0.6108652381980081,14.999999999999826
64.06406406406407,0.5080158995389289,-0.14998327949946225,0.13653589590987036,7.13278583282153,8.318619733878826,8.940932366982251,0.6108652381980069,14.999999999999812
64.16416416416416,0.5080147768682146,-0.1499830776245139,0.13653580044378494,7.094503359636813,8.35530456508168,8.954599619040557,0.6108652381980062,14.999999999999805
64.26426426426427,0.5080136701680343,-0.14998287862122897,0.13653570633575043,7.055723197622443,8.39146268998849,8.968266861611111,0.6108652381980062,14.999999999999806
64.36436436436436,0.5080125792102814,-0.14998268244857457,0.1365356135664022,7.016452559947864,8.427087387915345,8.981934094829398,0.6108652381980061,14.999999999999805
64.46446446446447,0.5080115037717883,-0.14998248906641595,0.13653552211677775,6.976698800778634,8.462171994629426,8.99560131882799,0.6108652381980059,14.999999999999803
64.56456456456456,0.5080104436324453,-0.14998229843517158,0.13653543196816928,6.936469361345044,8.496709948717475,9.00926853373764,0.6108652381980056,14.9999999999998
64.66466466466467,0.508009398575017,-0.14998211051577814,0.13653534310211107,6.895771764213117,8.530694796788662,9.022935739687401,0.6108652381980054,14.999999999999796
64.76476476476476,0.5080083683851423,-0.1499819252696906,0.1365352555003795,6.854613613284654,8.564120193474539,9.036602936804611,0.6108652381980053,14.999999999999796
64.86486486486487,0.5080073528513342,-0.14998174265888217,0.1365351691449932,6.813002593797188,8.596979901429082,9.050270125214913,0.6108652381980053,14.999999999999796
64.96496496496496,0.5080063517649802,-0.1499815626458443,0.1365350840182128,6.77094647232403,8.629267791328653,9.06393730504223,0.6108652381980054,14.999999999999797
65.06506506506507,0.5080053649203419,-0.14998138519358672,0.13653500010254108,6.728453096774227,8.66097784187204,9.077604476408796,0.6108652381980055,14.999999999999801
65.16516516516516,0.5080043921145553,-0.1499812102656374,0.13653491738072304,6.685530396392599,8.692104139780412,9.091271639435119,0.6108652381980059,14.999999999999806
65.26526526526527,0.5080034331476304,-0.14998103782604258,0.13653483583574577,6.642186381759701,8.722640879797366,9.104938794240018,0.6108652381980063,14.999999999999813
65.36536536536536,0.5080024878224518,-0.14998086783936673,0.1365347554508384,6.598429144791866,8.752582364688884,9.118605940940595,0.6108652381980068,14.999999999999822
65.46546546546547,0.5080015559447782,-0.14998070027069257,0.13653467620947232,6.554266858741157,8.78192300524337,9.132273079652254,0.6108652381980073,14.99999999999983
65.56556556556556,0.5080006373232427,-0.14998053508562112,0.13653459809536098,6.509707778195418,8.810657320271616,9.145940210488686,0.6108652381980076,14.999999999999837
65.66566566566567,0.5079997317693525,-0.1499803722502716,0.13653452109245998,6.464760239078232,8.838779936606832,9.159607333561876,0.6108652381980079,14.99999999999984
65.76576576576576,0.507998839097423,-0.1499802117312689,0.13653444518496272,6.419432655492675,8.866285590998721,9.173274448982148,0.610865238198008,14.99999999999984
65.86586586586587,0.5079979591234192,-0.14998005349551505,0.13653437035723337,6.373733459233995,8.893169168380913,9.186941556858825,0.6108652381980082,14.999999999999845
65.96596596596596,0.507997091666975,-0.14997989751056975,0.1365342965939503,6.327671190436931,8.919425650322975,9.200608657299043,0.6108652381980085,14.999999999999856
66.06606606606607,0.507996236550637,-0.14997974374452178,0.13653422388003028,6.281254473363182,8.945050125435223,9.214275750408223,0.610865238198009,14.999999999999869
66.16616616616616,0.5079953935992574,-0.14997959216587564,0.13653415220058476,6.234491989326782,8.970037804929985,9.227942836290412,0.6108652381980093,14.99999999999988
66.26626626626627,0.5079945626399955,-0.1499794427435514,0.13653408154091987,6.187392476694041,8.994384022621624,9.241609915048288,0.6108652381980096,14.999999999999885
66.36636636636636,0.5079937435023169,-0.14997929544688487,0.13653401188653633,6.139964730883602,9.018084234926514,9.25527698678316,0.6108652381980098,14.999999999999885
66.46646646646647,0.5079929360179937,-0.14997915024562747,0.13653394322312956,6.092217604366391,9.04113402086307,9.268944051594968,0.6108652381980096,14.99999999999988
66.56656656656656,0.5079921400211044,-0.14997900710994633,0.1365338755365897,6.044160006665666,9.063529082051717,9.28261110958228,0.6108652381980093,14.999999999999865
66.66666666666667,0.5079913553480342,-0.14997886601042415,0.13653380881300145,5.9958009043569565,9.085265242714918,9.2962781608423,0.6108652381980088,14.999999999999844
66.76676676676676,0.5079905818374747,-0.14997872691805939,0.13653374303864424,5.947149321068135,9.106338449677146,9.309945205470857,0.610865238198008,14.999999999999817
66.86686686686687,0.507989819330424,-0.1499785898042661,0.13653367819999215,5.898214337479349,9.126744772364914,9.323612243562414,0.6108652381980071,14.999999999999789
66.96696696696696,0.5079890676701866,-0.14997845464087403,0.13653361428371388,5.8490050913230744,9.146480402806747,9.337279275210062,0.6108652381980062,14.999999999999758
67.06706706706707,0.5079883267023736,-0.1499783214001286,0.13653355127667285,5.799530777384078,9.165541655633204,9.350946300505527,0.6108652381980054,14.99999999999973
67.16716716716716,0.5079875962749025,-0.14997819005469085,0.13653348916592709,5.749800647499445,9.18392496807686,9.364613319539158,0.6108652381980048,14.99999999999971
67.26726726726727,0.5079868762379975,-0.1499780605776375,0.13653342793872933,5.6998240105585465,9.201626899972329,9.378280332399948,0.6108652381980045,14.999999999999702
67.36736736736736,0.5079861664435705,-0.14997793294234218,0.1365333675824863,5.649610189494286,9.218644149172606,9.391947339175866,0.6108652381980044,14.999999999999702
67.46746746746747,0.507985466745642,-0.14997780712254757,0.1365333080847995,5.599168537459834,9.234973549670684,9.40561433995363,0.6108652381980042,14.999999999999702
67.56756756756756,0.5079847770011282,-0.14997768309252305,0.1365332494335064,5.54850850060245,9.250612047440763,9.419281334818237,0.610865238198004,14.999999999999702
67.66766766766767,0.5079840970688049,-0.1499775608268731,0.13653319161660163,5.497639555906804,9.26555672008102,9.432948323853585,0.6108652381980038,14.9999999999997
67.76776776776777,0.5079834268093016,-0.1499774403005361,0.13653313462223643,5.44657121075319,9.279804776962559,9.446615307142467,0.6108652381980035,14.999999999999698
67.86786786786787,0.5079827660851007,-0.14997732148878418,0.13653307843871873,5.395313002917474,9.293353559229407,9.460282284766583,0.6108652381980035,14.999999999999694
67.96796796796797,0.5079821147605381,-0.14997720436722323,0.13653302305451315,5.34387450057115,9.30620053979851,9.473949256806522,0.6108652381980035,14.999999999999691
68.06806806806807,0.5079814727018027,-0.1499770889117931,0.13653296845824092,5.2922653022812804,9.318343323359743,9.487616223341783,0.6108652381980038,14.99999999999969
68.16816816816817,0.5079808397769366,-0.1499769750987673,0.13653291463867992,5.240495037010557,9.3297796463759,9.501283184450756,0.6108652381980041,14.999999999999686
68.26826826826827,0.5079802158558353,-0.14997686290475332,0.1365328615847647,5.188573364117238,9.340507377082705,9.514950140210738,0.6108652381980045,14.999999999999682
68.36836836836837,0.5079796008102472,-0.14997675230669233,0.13653280928558648,5.136509973355211,9.350524515488795,9.528617090697916,0.6108652381980051,14.999999999999678
68.46846846846847,0.5079789945137743,-0.1499766432818594,0.1365327577303931,5.084314584873935,9.359829193375742,9.54228403598739,0.6108652381980056,14.999999999999677
68.56856856856857,0.5079783968418715,-0.14997653580786333,0.13653270690858912,5.031996949218496,9.368419674298032,9.555950976153145,0.6108652381980062,14.999999999999675
68.66866866866867,0.5079778076718471,-0.14997642986264687,0.13653265680973573,4.979566847329543,9.376294353583082,9.56961791126808,0.6108652381980066,14.999999999999675
68.76876876876877,0.5079772268828624,-0.14997632542448644,0.1365326074235507,4.927034090543362,9.383451758331226,9.58328484140398,0.610865238198007,14.999999999999677
68.86886886886887,0.507976654355655,-0.14997622247193998,0.1365325587398891,4.87440849568872,9.389890550741816,9.596951766631703,0.6108652381980071,14.999999999999678
68.96896896896897,0.5079760899723001,-0.1499761209837975,0.13653251074873285,4.821699852533518,9.395609535316066,9.610618687021296,0.6108652381980072,14.99999999999968
69.06906906906907,0.5079755336173492,-0.1499760209392978,0.13653246344026843,4.768918027979287,9.400607645003241,9.624285602641347,0.6108652381980074,14.99999999999968
69.16916916916917,0.507974985176909,-0.14997592231796011,0.1365324168048133,4.716072896862287,9.404883947368779,9.637952513559512,0.6108652381980076,14.999999999999678
69.26926926926927,0.5079744445385793,-0.14997582509957244,0.13653237083281128,4.663174336735455,9.408437645190027,9.651619419842566,0.6108652381980078,14.999999999999678
69.36936936936937,0.5079739115914526,-0.14997572926419162,0.13653232551483252,4.610232227868452,9.411268076456231,9.665286321556398,0.6108652381980078,14.999999999999677
69.46946946946947,0.5079733862261137,-0.14997563479214318,0.13653228084157362,4.557256453247611,9.413374714368553,9.678953218766008,0.6108652381980078,14.999999999999677
69.56956956956957,0.5079728683346404,-0.14997554166402147,0.13653223680385743,4.504256898575994,9.414757167340058,9.692620111535508,0.6108652381980075,14.999999999999678
69.66966966966967,0.5079723578106032,-0.14997544986068964,0.1365321933926332,4.451243452273331,9.415415178995715,9.70628699992813,0.6108652381980072,14.999999999999678
69.76976976976977,0.5079718545490651,-0.14997535936327952,0.13653215059897653,4.398226005476084,9.415348628172405,9.71995388400621,0.6108652381980069,14.99999999999968
69.86986986986987,0.5079713584465821,-0.14997527015319181,0.13653210841408936,4.345214452037383,9.414557528918909,9.73362076383121,0.6108652381980064,14.999999999999684
69.96996996996997,0.5079708694012027,-0.14997518221209594,0.1365320668293,4.292218688527087,9.413042030495921,9.747287639463694,0.6108652381980059,14.999999999999686
70.07007007007007,0.507970387312468,-0.1499750955219301,0.1365320258360631,4.2392486142317285,9.410802417376042,9.760954510963346,0.6108652381980054,14.999999999999687
70.17017017017017,0.5079699120814121,-0.14997501006490133,0.1365319854259597,4.186314131154567,9.407839109243772,9.774621378388957,0.6108652381980051,14.99999999999969
70.27027027027027,0.5079694436105614,-0.1499749258234853,0.13653194559069717,4.133425144015524,9.404152660995525,9.788288241798444,0.6108652381980049,14.99999999999969
70.37037037037037,0.507968981803735,-0.1499748427803891,0.13653190632209444,4.08059153782922,9.399743761111289,9.801955101248943,0.6108652381980046,14.999999999999687
70.47047047047047,0.5079685265658224,-0.14997476091850714,0.13653186761206967,4.027823142053122,9.394613231693477,9.815621956796955,0.6108652381980044,14.99999999999968
70.57057057057057,0.5079680778036854,-0.1499746802210904,0.13653182945270514,3.9751298328512474,9.388762036085156,9.82928880849781,0.610865238198004,14.999999999999675
70.67067067067067,0.5079676354254479,-0.14997460067161736,0.1365317918361897,3.922521467465896,9.382191271131594,9.842955656406088,0.6108652381980036,14.999999999999668
70.77077077077077,0.5079671993404397,-0.1499745222537836,0.1365317547548143,3.870007878454536,9.374902166650946,9.856622500575655,0.6108652381980034,14.999999999999664
70.87087087087087,0.5079667694591972,-0.1499744449515018,0.13653171820097226,3.817598873689743,9.36689608543424,9.870289341059662,0.6108652381980033,14.999999999999666
70.97097097097097,0.5079663456934626,-0.1499743687489018,0.13653168216715894,3.7653042363592646,9.358174523245387,9.883956177910536,0.6108652381980034,14.999999999999671
71.07107107107107,0.5079659279561842,-0.1499742936303305,0.13653164664597203,3.713133724965953,9.348739108821178,9.897623011179995,0.6108652381980038,14.999999999999682
71.17117117117117,0.5079655161615169,-0.14997421958035193,0.13653161163011138,3.661097073327833,9.338591603871283,9.911289840919038,0.6108652381980042,14.999999999999698
71.27127127127127,0.5079651102248213,-0.14997414658374725,0.13653157711237898,3.6092039905780386,9.327733903078252,9.924956667177948,0.610865238198005,14.999999999999716
71.37137137137137,0.5079647100626642,-0.14997407462551468,0.13653154308567914,3.5574641611648685,9.316168034097517,9.938623490006293,0.6108652381980058,14.999999999999737
71.47147147147147,0.5079643155928188,-0.14997400369086963,0.1365315095430183,3.5058872448517353,9.303896157557388,9.952290309452922,0.6108652381980066,14.999999999999758
71.57157157157157,0.5079639267342645,-0.1499739337652446,0.13653147647750513,3.4544828767172224,9.290920567059057,9.965957125565966,0.6108652381980074,14.999999999999778
71.67167167167167,0.5079635434071863,-0.14997386483428912,0.13653144388235053,3.403260667155013,9.27724368917659,9.97962393839285,0.610865238198008,14.99999999999979
71.77177177177177,0.5079631655329759,-0.14997379688386997,0.13653141175086753,3.352230201873967,9.262868083456942,9.993290747980268,0.6108652381980083,14.999999999999796
71.87187187187187,0.5079627930339633,-0.14997372990002114,0.13653138007645121,3.301401005553996,9.247796432347895,10.00695755437437,0.6108652381980084,14.999999999999797
71.97197197197197,0.5079624258335483,-0.14997366386896668,0.13653134885259136,3.2507825464136935,9.232031545716907,10.020624357620651,0.6108652381980085,14.999999999999803
72.07207207207207,0.5079620638566109,-0.1499735987771981,0.13653131807290134,3.2003842993110623,9.215576377102296,10.034291157763747,0.6108652381980088,14.99999999999981
72.17217217217217,0.507961707029015,-0.14997353461138396,0.1365312877310779,3.1502156891519637,9.198434005657349,10.047957954847694,0.6108652381980089,14.999999999999815
72.27227227227228,0.507961355277602,-0.14997347135836886,0.13653125782090067,3.1002860901899716,9.180607635941875,10.061624748915959,0.610865238198009,14.999999999999819
72.37237237237237,0.5079610085301918,-0.14997340900517336,0.13653122833623232,3.050604826026429,9.162100597922228,10.075291540011417,0.6108652381980091,14.999999999999819
72.47247247247248,0.5079606667155822,-0.14997334753899408,0.1365311992710184,3.0011811696103936,9.142916346971289,10.088958328176373,0.610865238198009,14.999999999999812
72.57257257257257,0.5079603297635489,-0.14997328694720363,0.1365311706192874,2.9520243432386915,9.123058463868482,10.102625113452543,0.6108652381980089,14.999999999999801
72.67267267267268,0.5079599976048458,-0.1499732272173506,0.1365311423751508,2.903143518555862,9.102530654799756,10.116291895881067,0.6108652381980085,14.999999999999787
72.77277277277277,0.5079596701712048,-0.14997316833715962,0.13653111453280295,2.854547816554214,9.081336751357604,10.1299586755025,0.6108652381980083,14.999999999999767
72.87287287287288,0.507959347395336,-0.14997311029453134,0.1365310870865212,2.806246307573774,9.059480710541049,10.14362545235682,0.6108652381980079,14.999999999999746
72.97297297297297,0.5079590292109271,-0.14997305307754236,0.1365310600306658,2.7582480113023267,9.036966614755649,10.157292226483422,0.6108652381980075,14.999999999999726
73.07307307307308,0.5079587155526442,-0.14997299667444533,0.13653103335968003,2.7105618967753835,9.013798671813497,10.170958997921122,0.6108652381980072,14.999999999999709
73.17317317317317,0.5079584063561313,-0.1499729410736689,0.13653100706809,2.6631968823762158,8.989981214933222,10.18462576670815,0.610865238198007,14.9999999999997
73.27327327327328,0.5079581015579783,-0.14997288626381183,0.13653098115050225,2.616161831090941,8.965518700275148,10.198292532882181,0.610865238198007,14.9999999999997
73.37337337337337,0.5079578010954033,-0.149972832233584,0.13653095560157974,2.5694654974403988,8.9404156811507,10.21195929648051,0.6108652381980072,14.9999999999997
73.47347347347348,0.5079575049068464,-0.14997277897191508,0.13653093041608905,2.5231166089152306,8.914676852230224,10.225626057539708,0.6108652381980075,14.999999999999702
73.57357357357357,0.5079572129316756,-0.149972726467902,0.1365309055888751,2.4771238365690187,8.88830703092556,10.239292816095794,0.6108652381980079,14.9999999999997
73.67367367367368,0.5079569251100552,-0.14997267471078485,0.1365308811148502,2.431495777237376,8.861311147720588,10.25295957218432,0.6108652381980081,14.9999999999997
73.77377377377377,0.5079566413829448,-0.14997262368994704,0.13653085698899436,2.386240953537999,8.83369424617125,10.266626325840354,0.6108652381980082,14.999999999999698
73.87387387387388,0.5079563616921003,-0.14997257339491507,0.136530833206355,2.3413678138706167,8.805461482905516,10.280293077098504,0.6108652381980081,14.999999999999698
73.97397397397397,0.5079560859800732,-0.1499725238153587,0.13653080976204712,2.2968847324170403,8.776618127623426,10.293959825992893,0.6108652381980078,14.999999999999698
74.07407407407408,0.507955814190211,-0.14997247494109078,0.13653078665125323,2.2528000091411116,8.747169563097046,10.307626572557185,0.6108652381980073,14.9999999999997
74.17417417417417,0.5079555462666567,-0.14997242676206754,0.1365307638692234,2.209121869788758,8.71712128517051,10.321293316824555,0.6108652381980066,14.999999999999702
74.27427427427428,0.5079552821543496,-0.14997237926838822,0.13653074141127516,2.16585846588794,8.686478902759982,10.33496005882772,0.6108652381980059,14.999999999999703
74.37437437437437,0.5079550217990244,-0.14997233245029537,0.13653071927279367,2.1230178747486907,8.655248137853686,10.348626798598916,0.6108652381980051,14.999999999999705
74.47447447447448,0.507954765147212,-0.14997228629817466,0.13653069744923158,2.080608099463095,8.623434825511891,10.36229353616991,0.6108652381980043,14.999999999999707
74.57457457457457,0.5079545121462391,-0.14997224080255503,0.13653067593610899,2.0386370689052926,8.59104491386691,10.375960271571994,0.6108652381980039,14.999999999999707
74.67467467467468,0.5079542627442273,-0.14997219595410852,0.13653065472901363,1.9971126376632529,8.558084464067884,10.38962700483599,0.6108652381980036,14.999999999999707
74.77477477477477,0.5079540168898676,-0.1499721517436086,0.13653063382358274,1.95604254778167,8.52455962050542,10.403293735992376,0.6108652381980038,14.99999999999971
74.87487487487488,0.5079537745326848,-0.1499721081619782,0.13653061321552534,1.9154344607721983,8.490476639903118,10.416960465071142,0.6108652381980041,14.99999999999972
74.97497497497497,0.5079535356230788,-0.14997206520029807,0.13653059290062422,1.8752959750187292,8.455841902106979,10.43062719210175,0.6108652381980044,14.999999999999732
75.07507507507508,0.5079533001120992,-0.1499720228497658,0.1365305728747173,1.8356345942866115,8.420661883616336,10.444293917113287,0.6108652381980046,14.999999999999742
75.17517517517517,0.5079530679514452,-0.14997198110169577,0.13653055313369755,1.7964577277226974,8.384943157583912,10.457960640134441,0.6108652381980048,14.999999999999748
75.27527527527528,0.5079528390934659,-0.1499719399475194,0.13653053367351328,1.7577726898552966,8.34869239381576,10.471627361193525,0.6108652381980048,14.999999999999746
75.37537537537537,0.5079526134911597,-0.14997189937878483,0.13653051449016781,1.7195867005942207,8.311916358771319,10.485294080318457,0.6108652381980044,14.999999999999739
75.47547547547548,0.5079523910981747,-0.14997185938715715,0.13653049557971964,1.6819068852307415,8.274621915563367,10.49896079753678,0.610865238198004,14.999999999999725
75.57557557557557,0.5079521718688087,-0.14997181996441833,0.1365304769382824,1.64474027443763,8.236816023958061,10.51262751287564,0.6108652381980033,14.999999999999703
75.67567567567568,0.5079519557580091,-0.14997178110246717,0.13653045856202495,1.6080938042691202,8.1985057403749,10.526294226361806,0.6108652381980025,14.999999999999677
75.77577577577577,0.5079517427213729,-0.14997174279331937,0.1365304404471712,1.5719743161609427,8.15969821788676,10.539960938021654,0.6108652381980018,14.99999999999965
75.87587587587588,0.5079515327151468,-0.14997170502910753,0.13653042259000023,1.536388556930288,8.120400706219858,10.55362764788118,0.610865238198001,14.999999999999625
75.97597597597597,0.5079513256962269,-0.14997166780208104,0.13653040498684635,1.5013431787758535,8.080620551753793,10.56729435596599,0.6108652381980004,14.999999999999607
76.07607607607608,0.5079511216221594,-0.14997163110460626,0.1365303876340989,1.4668447392777897,8.040365197521503,10.580961062301306,0.6108652381980001,14.9999999999996
76.17617617617617,0.5079509204509869,-0.14997159492913842,0.13653037052819011,1.4328996755692753,7.999642153441304,10.594627766912055,0.6108652381980002,14.9999999999996
76.27627627627628,0.5079507221413788,-0.14997155926824507,0.13653035366560637,1.3995143160888717,7.958459014360179,10.60829446982279,0.6108652381980004,14.9999999999996
76.37637637637637,0.5079505266527505,-0.14997152411462802,0.13653033704289685,1.3666949075446642,7.916823488763853,10.62196117105762,0.6108652381980008,14.999999999999599
76.47647647647648,0.5079503339450492,-0.14997148946108488,0.13653032065665602,1.3344475854082398,7.874743362078556,10.635627870640342,0.610865238198001,14.999999999999597
76.57657657657657,0.5079501439787535,-0.14997145530050882,0.1365303045035234,1.3027783738663685,7.8322264966131625,10.649294568594431,0.6108652381980012,14.999999999999595
76.67667667667668,0.5079499567148739,-0.14997142162588864,0.1365302885801837,1.2716931858209646,7.789280831559143,10.662961264943055,0.6108652381980011,14.999999999999593
76.77677677677677,0.5079497721149523,-0.14997138843030886,0.13653027288336678,1.2411978228891254,7.745914382990614,10.676627959709059,0.6108652381980009,14.999999999999593
76.87687687687688,0.5079495901410622,-0.14997135570694947,0.1365302574098476,1.2112979754030928,7.702135243864287,10.690294652914975,0.6108652381980004,14.999999999999593
76.97697697697697,0.5079494107558089,-0.14997132344908617,0.13653024215644627,1.1819992224102918,7.65795158401952,10.703961344583016,0.6108652381979998,14.999999999999593
77.07707707707708,0.5079492339223289,-0.14997129165009035,0.13653022712002807,1.1533070316732923,7.613371650178261,10.717628034735087,0.610865238197999,14.999999999999595
77.17717717717717,0.5079490596042909,-0.1499712603034289,0.13653021229750337,1.1252267596698449,7.568403765945111,10.731294723392768,0.6108652381979982,14.999999999999595
77.27727727727728,0.5079488877658945,-0.14997122940266439,0.13653019768582772,1.09776365159285,7.523056331807262,10.74496141057733,0.6108652381979974,14.999999999999597
77.37737737737737,0.5079487183718715,-0.14997119894145505,0.13653018328200178,1.0709228413503862,7.477337825134553,10.758628096309723,0.6108652381979969,14.999999999999597
77.47747747747748,0.5079485513874848,-0.14997116891355466,0.1365301690830714,1.0447093515569805,7.431256800163701,10.77229478061059,0.6108652381979967,14.999999999999595
77.57757757757757,0.5079483867783893,-0.14997113931278727,0.13653015508611616,1.019128071594941,7.384821850071912,10.785961463500326,0.6108652381979968,14.999999999999599
77.67767767767768,0.5079482245107846,-0.14997111013307463,0.13653014128826246,0.9941837726861655,7.33804163914634,10.799628144999017,0.610865238197997,14.999999999999607
77.77777777777777,0.5079480645514591,-0.14997108136844445,0.1365301276866864,0.9698811214265455,7.290924922364217,10.813294825126391,0.6108652381979973,14.999999999999618
77.87787787787788,0.5079479068676367,-0.1499710530130028,0.13653011427860104,0.946224660601571,7.243480509169767,10.826961503901922,0.6108652381979974,14.999999999999625
77.97797797797797,0.5079477514269767,-0.14997102506093404,0.1365301010612565,0.9232188091863578,7.195717263474246,10.84062818134482,0.6108652381979975,14.99999999999963
78.07807807807808,0.5079475981975741,-0.14997099750650097,0.1365300880319398,0.9008678623456218,7.1476441036559,10.854294857474043,0.6108652381979974,14.999999999999629
78.17817817817817,0.5079474471479594,-0.1499709703440447,0.1365300751879751,0.8791759914337038,7.099270002560018,10.867961532308282,0.6108652381979972,14.99999999999962
78.27827827827828,0.5079472982470986,-0.14997094356798465,0.13653006252672345,0.8581472439945441,7.050603987498865,10.881628205865978,0.6108652381979968,14.999999999999606
78.37837837837837,0.5079471514643935,-0.14997091717281863,0.13653005004558294,0.8377855437617082,7.001655140251752,10.895294878165306,0.6108652381979962,14.999999999999584
78.47847847847848,0.5079470067696813,-0.1499708911531228,0.13653003774198866,0.8180946906583624,6.952432597064976,10.908961549224188,0.6108652381979955,14.99999999999956
78.57857857857857,0.5079468641332345,-0.14997086550355163,0.13653002561341268,0.7990783607972983,6.902945548651878,10.92262821906028,0.6108652381979948,14.999999999999535
78.67867867867868,0.5079467235257616,-0.14997084021883794,0.13653001365736409,0.7807401064809057,6.85320324019277,10.936294887690991,0.6108652381979942,14.999999999999512
78.77877877877877,0.5079465849184065,-0.14997081529379297,0.13653000187138897,0.7630833562012003,6.803214971335019,10.949961555133457,0.6108652381979938,14.999999999999497
78.87887887887888,0.5079464482827463,-0.14997079072330582,0.13652999025307022,0.7461114144134884,6.752990095500933,10.963628221404571,0.6108652381979935,14.999999999999492
78.97897897897897,0.5079463135906586,-0.1499707665023195,0.13652997880001666,0.7298274447316794,6.70253797181024,10.977294886521031,0.6108652381979935,14.999999999999494
79.07907907907908,0.5079461808145102,-0.14997074262586468,0.13652996750987875,0.7142344859980969,6.651868021245062,10.990961550499263,0.6108652381979935,14.999999999999496
79.17917917917917,0.5079460499271238,-0.1499707190890543,0.1365299563803457,0.6993354546665693,6.600989725784241,11.004628213355405,0.6108652381979937,14.999999999999496
79.27927927927928,0.5079459209016788,-0.1499706958870653,0.136529945409137,0.6851331353021297,6.549912597423095,11.018294875105394,0.6108652381979935,14.999999999999496
79.37937937937937,0.5079457937117113,-0.1499706730151388,0.1365299345940024,0.6716301805810325,6.498646178173476,11.03196153576495,0.6108652381979935,14.999999999999496
79.47947947947948,0.5079456683311138,-0.1499706504685801,0.13652992393272198,0.6588291112907377,6.4472000400637155,11.045628195349586,0.6108652381979934,14.999999999999497
79.57957957957957,0.5079455447341353,-0.14997062824275864,0.13652991342310608,0.6467323163299262,6.395583785138675,11.059294853874597,0.6108652381979933,14.999999999999497
79.67967967967968,0.5079454228953815,-0.14997060633310788,0.13652990306299537,0.6353420527084848,6.343807045459696,11.072961511355073,0.6108652381979932,14.999999999999497
79.77977977977977,0.5079453027898148,-0.1499705847351256,0.13652989285026076,0.6246604455475203,6.291879483104654,11.086628167805886,0.6108652381979931,14.999999999999497
79.87987987987988,0.5079451843927537,-0.14997056344437354,0.13652988278280354,0.6146894880793471,6.2398107901678985,11.100294823241699,0.610865238197993,14.999999999999499
79.97997997997997,0.5079450676798739,-0.1499705424564777,0.13652987285855517,0.6054310416474984,6.187610688760318,11.113961477676963,0.6108652381979928,14.999999999999499
80.08008008008008,0.5079449526272073,-0.1499705217671282,0.13652986307547751,0.5968868357067154,6.135288931009278,11.127628131125917,0.6108652381979927,14.999999999999499
80.18018018018019,0.5079448392111422,-0.14997050137207923,0.13652985343156265,0.5890584678229551,6.082855299058655,11.141294783602591,0.6108652381979925,14.999999999999499
80.28028028028028,0.5079447274084224,-0.14997048126714896,0.1365298439248329,0.5819474035977553,6.030319604450376,11.154961435120798,0.6108652381979925,14.999999999999497
80.38038038038039,0.5079446171960311,-0.1499704614481983,0.13652983455333115,0.5755549692042452,5.977691635825975,11.168628085694214,0.6108652381979924,14.999999999999496
80.48048048048048,0.5079445085513545,-0.14997044191116077,0.1365298253151347,0.5698823563715939,5.924981219064144,11.182294735336269,0.6108652381979922,14.999999999999492
80.58058058058059,0.5079444014521601,-0.14997042265203833,0.13652981620835314,0.5649306252859259,5.872198219304894,11.195961384060178,0.610865238197992,14.99999999999949
80.68068068068068,0.5079442958765062,-0.14997040366688535,0.1365298072311208,0.5607007009339272,5.819352505702517,11.20962803187897,0.6108652381979919,14.999999999999488
80.78078078078079,0.507944191802742,-0.14997038495180848,0.13652979838159665,0.5571933731028398,5.766453951425526,11.223294678805512,0.6108652381979918,14.999999999999485
80.88088088088088,0.507944089209507,-0.14997036650296663,0.13652978965796442,0.5544092963804662,5.713512433656721,11.23696132485249,0.6108652381979918,14.999999999999483
80.98098098098099,0.5079439880757319,-0.149970348316571,0.13652978105843258,0.5523489901551656,5.660537833593122,11.250627970032424,0.610865238197992,14.99999999999948
81.08108108108108,0.5079438883806381,-0.14997033038888516,0.13652977258123422,0.5510128386158567,5.607540036446034,11.264294614357656,0.6108652381979923,14.999999999999478
81.18118118118119,0.5079437901037375,-0.14997031271622485,0.13652976422462723,0.550401090752016,5.55452893144098,11.277961257840362,0.6108652381979928,14.999999999999474
81.28128128128128,0.5079436932248328,-0.14997029529495823,0.13652975598689412,0.5505138603536788,5.501514411817774,11.291627900492534,0.6108652381979933,14.999999999999474
81.38138138138139,0.5079435977240175,-0.14997027812150568,0.1365297478663422,0.5513511260114388,5.448506374830441,11.305294542326005,0.6108652381979939,14.999999999999472
81.48148148148148,0.5079435035816762,-0.14997026119233986,0.1365297398613034,0.5529127311164477,5.395514721747301,11.318961183352423,0.6108652381979944,14.999999999999472
81.58158158158159,0.5079434107784836,-0.14997024450398583,0.13652973197013443,0.5551983838604162,5.342549357850892,11.332627823583273,0.6108652381979949,14.999999999999472
81.68168168168168,0.5079433192954056,-0.1499702280530208,0.1365297241912167,0.5582076572356129,5.28962019243803,11.346294463029858,0.6108652381979952,14.999999999999474
81.78178178178179,0.5079432291136529,-0.14997021183606607,0.1365297165229524,0.5619399905979903,5.236737113643274,11.359961101703348,0.6108652381979953,14.999999999999478
81.88188188188188,0.5079431402146614,-0.14997019584978333,0.1365297089637631,0.5663946883552499,5.183909966803418,11.373627739614765,0.6108652381979955,14.99999999999948
81.98198198198199,0.5079430525802446,-0.14997018009090218,0.13652970151210245,0.571570914815245,5.131148640434309,11.387294376774916,0.6108652381979959,14.99999999999948
82.08208208208208,0.5079429661924588,-0.14997016455619586,0.1365296941664447,0.5774677006703843,5.07846300374751,11.40096101319446,0.6108652381979962,14.99999999999948
82.18218218218219,0.5079428810335962,-0.1499701492424801,0.13652968692528422,0.5840839432731635,5.0258629032589655,11.414627648883918,0.6108652381979964,14.99999999999948
82.28228228228228,0.5079427970861853,-0.14997013414661303,0.13652967978713543,0.5914184066361589,4.973358162789059,11.428294283853669,0.6108652381979965,14.999999999999481
82.38238238238239,0.5079427143329904,-0.14997011926549533,0.1365296727505327,0.5994697214320343,4.920958583462554,11.441960918113953,0.6108652381979964,14.999999999999483
82.48248248248248,0.5079426327570122,-0.14997010459607013,0.13652966581403064,0.6082363849935329,4.868673943708656,11.455627551674867,0.6108652381979961,14.999999999999485
82.58258258258259,0.5079425523414876,-0.14997009013532295,0.13652965897620375,0.6177167613134877,4.816513999260946,11.469294184546374,0.6108652381979955,14.999999999999488
82.68268268268268,0.5079424730698888,-0.1499700758802818,0.13652965223564667,0.6279090810448094,4.764488483157447,11.482960816738288,0.610865238197995,14.999999999999492
82.78278278278279,0.5079423949259251,-0.14997006182801723,0.1365296455909741,0.6388114415004983,4.712607105740564,11.496627448260291,0.6108652381979942,14.999999999999496
82.88288288288288,0.5079423178935413,-0.14997004797564215,0.13652963904082083,0.6504218066536323,4.660879554657142,11.510294079121918,0.6108652381979935,14.999999999999499
82.98298298298299,0.5079422419569183,-0.14997003432031197,0.13652963258384157,0.662738007137381,4.609315494858399,11.52396070933257,0.6108652381979929,14.9999999999995
83.08308308308308,0.5079421671004734,-0.14997002085922456,0.13652962621871123,0.6757577402449904,4.557924568600001,11.537627338901501,0.6108652381979924,14.999999999999503
83.18318318318319,0.5079420933088588,-0.14997000758962017,0.13652961994412466,0.6894785700603195,4.50671639496169,11.551293967837832,0.6108652381979922,14.999999999999503
83.28328328328328,0.5079420205668906,-0.1499699945087683,0.13652961375879083,0.7038979406822289,4.455700517162432,11.564960596150582,0.6108652381979923,14.999999999999506
83.38338338338339,0.5079419488596422,-0.14996998161398473,0.13652960766144068,0.719013159057403,4.404886456688438,11.578627223848622,0.6108652381979927,14.999999999999515
83.48348348348348,0.507941878172437,-0.1499699689026302,0.1365296016508262,0.7348213954556791,4.354283722056365,11.592293850940665,0.610865238197993,14.999999999999526
83.58358358358359,0.5079418084907906,-0.14996995637210012,0.13652959572571585,0.7513196937606085,4.303901773588943,11.605960477435321,0.6108652381979932,14.999999999999535
83.68368368368368,0.5079417398004117,-0.1499699440198245,0.13652958988489436,0.7685049714694391,4.2537500234150265,11.619627103341077,0.6108652381979932,14.99999999999954
83.78378378378379,0.5079416720872006,-0.1499699318432679,0.13652958412716287,0.7863740196931328,4.20383783546954,11.633293728666311,0.6108652381979932,14.999999999999538
83.88388388388388,0.507941605337251,-0.1499699198399296,0.13652957845133887,0.8049235031563486,4.154174525493531,11.646960353419285,0.6108652381979929,14.99999999999953
83.98398398398399,0.5079415395368483,-0.14996990800734342,0.1365295728562562,0.8241499601974598,4.104769361034118,11.660626977608148,0.6108652381979924,14.999999999999513
84.08408408408408,0.5079414746724709,-0.14996989634307786,0.13652956734076505,0.8440498027685353,4.055631561444544,11.674293601240928,0.6108652381979918,14.999999999999492
84.18418418418419,0.5079414107307894,-0.14996988484473597,0.13652956190373203,0.8646193164353603,4.006770297884121,11.687960224325549,0.6108652381979911,14.999999999999467
84.28428428428428,0.507941347698667,-0.14996987350995544,0.13652955654404003,0.8858546603774148,3.9581946933182866,11.70162684686981,0.6108652381979903,14.99999999999944
84.38438438438439,0.5079412855631592,-0.14996986233640863,0.13652955126058838,0.9077518673878916,3.9099138225185537,11.715293468881407,0.6108652381979897,14.999999999999417
84.48448448448448,0.5079412243115143,-0.14996985132180246,0.1365295460522927,0.9303068438736843,3.8619367120625463,11.728960090367913,0.6108652381979891,14.9999999999994
84.58458458458459,0.5079411639311725,-0.1499698404638784,0.13652954091808495,0.9535153699791152,3.814272340084542,11.74262671133679,0.610865238197989,14.999999999999396
84.68468468468468,0.5079411044097123,-0.14996982976040277,0.136529535856909,0.9773731200657667,3.766929592905127,11.756293331795415,0.6108652381979891,14.999999999999396
84.78478478478479,0.5079410457349182,-0.14996981920917887,0.13652953086772615,1.0018756396925252,3.719917306415206,11.769959951751051,0.6108652381979892,14.999999999999394
84.88488488488488,0.5079409878947792,-0.14996980880804686,0.13652952594951515,1.0270183430494217,3.6732442767867224,11.783626571210826,0.6108652381979893,14.99999999999939
84.98498498498499,0.5079409308774423,-0.14996979855487527,0.13652952110126806,1.0527965292909471,3.6269192290318415,11.797293190181788,0.6108652381979894,14.999999999999389
85.08508508508508,0.5079408746712124,-0.149969788447561,0.13652951632199053,1.079205382536025,3.580950817002997,11.810959808670882,0.6108652381979894,14.999999999999387
85.18518518518519,0.5079408192645521,-0.1499697784840294,0.13652951161070145,1.1062399718680405,3.5353476233928434,11.824626426684961,0.6108652381979893,14.999999999999387
85.28528528528528,0.5079407646460821,-0.1499697686622341,0.1365295069664332,1.1338952513348095,3.490118159734307,11.838293044230788,0.6108652381979891,14.999999999999389
85.38538538538539,0.5079407108045804,-0.14996975898015721,0.13652950238823164,1.1621660599486108,3.445270866400532,11.851959661315028,0.6108652381979889,14.999999999999392
85.48548548548548,0.5079406577289832,-0.14996974943580918,0.13652949787515592,1.1910471216861531,3.4008141126049365,11.865626277944255,0.6108652381979884,14.999999999999398
85.58558558558559,0.5079406054083846,-0.14996974002722882,0.13652949342627874,1.220533045488608,3.3567561964011556,11.879292894124948,0.6108652381979881,14.999999999999405
85.68568568568568,0.5079405538320364,-0.14996973075248338,0.1365294890406861,1.2506183252615786,3.3131053446830956,11.89295950986349,0.6108652381979877,14.99999999999941
85.78578578578579,0.5079405029893482,-0.14996972160966843,0.1365294847174775,1.2812973398751284,3.2698697131848857,11.906626125166177,0.6108652381979873,14.999999999999417
85.88588588588588,0.5079404528698875,-0.14996971259690803,0.13652948045576582,1.3125643531637525,3.227057386480923,11.920292740039201,0.6108652381979871,14.99999999999942
85.98598598598599,0.5079404034633753,-0.14996970371235369,0.136529476254677,1.344413516671063,3.184676374325843,11.933959354488676,0.610865238197987,14.99999999999942
86.08608608608608,0.5079403547596416,-0.1499696949541766,0.13652947211334635,1.3768388985987174,3.142734570832586,11.947625968520637,0.6108652381979868,14.999999999999416
86.18618618618619,0.5079403067487062,-0.14996968632058216,0.13652946803092522,1.4098344366991107,3.1012398149472844,11.961292582141018,0.6108652381979865,14.999999999999412
86.28628628628628,0.5079402594207367,-0.14996967780980222,0.1365294640065775,1.4433939584156896,3.0601998677632127,11.974959195355655,0.6108652381979862,14.999999999999407
86.38638638638639,0.5079402127660312,-0.14996966942009204,0.13652946003947825,1.4775111913022503,3.019622399161925,11.988625808170319,0.610865238197986,14.999999999999403
86.48648648648648,0.5079401667750169,-0.1499696611497303,0.13652945612881343,1.512179763022903,2.979514987813299,12.00229242059069,0.6108652381979859,14.9999999999994
86.58658658658659,0.5079401214382515,-0.14996965299701898,0.1365294522737802,1.5473932013521066,2.9398851211754957,12.015959032622382,0.610865238197986,14.999999999999398
86.68668668668668,0.5079400767464224,-0.14996964496028348,0.1365294484735866,1.5831449341746329,2.9007401954949987,12.029625644270924,0.6108652381979862,14.999999999999398
86.78678678678679,0.5079400326903469,-0.1499696370378725,0.13652944472745193,1.6194282894856058,2.8620875158065724,12.043292255541775,0.6108652381979867,14.999999999999398
86.88688688688688,0.5079399892609724,-0.14996962922815815,0.13652944103460637,1.6562364953904585,2.823934295933307,12.056958866440311,0.6108652381979873,14.9999999999994
86.98698698698699,0.507939946449376,-0.14996962152953594,0.13652943739429121,1.6935626801049757,2.786287658486575,12.070625476971834,0.610865238197988,14.999999999999403
87.08708708708708,0.5079399042467648,-0.14996961394042466,0.13652943380575883,1.7313998719552584,2.749154634866066,12.084292087141566,0.6108652381979887,14.999999999999407
87.18718718718719,0.507939862644476,-0.14996960645926652,0.1365294302682726,1.7697409993777502,2.7125421652597614,12.097958696954656,0.6108652381979893,14.99999999999941
87.28728728728728,0.5079398216339762,-0.14996959908452706,0.136529426781107,1.8085788909192138,2.6764570986439575,12.11162530641617,0.6108652381979895,14.999999999999414
87.38738738738739,0.5079397812068407,-0.1499695918146913,0.13652942334354556,1.847906295329134,2.6409061740215423,12.125291915531118,0.6108652381979895,14.999999999999416
87.48748748748748,0.5079397413547596,-0.1499695846482649,0.13652941995488166,1.8877158806740966,2.6058960180341044,12.138958524304433,0.6108652381979895,14.99999999999942
87.58758758758759,0.507939702069575,-0.14996957758378082,0.13652941661442164,1.9280001970866907,2.5714331808566793,12.152625132740962,0.6108652381979894,14.999999999999423
87.68768768768768,0.5079396633432368,-0.14996957061979152,0.13652941332148097,1.9687517125462302,2.5375241052834228,12.166291740845487,0.6108652381979894,14.999999999999426
87.78778778778779,0.5079396251678023,-0.14996956375486867,0.1365294100753843,2.0099628134821637,2.5041751261852516,12.17995834862273,0.6108652381979895,14.99999999999943
87.88788788788789,0.5079395875354358,-0.14996955698760317,0.13652940687546533,2.0516258047740292,2.4713924705098806,12.19362495607734,0.6108652381979895,14.999999999999435
87.98798798798799,0.5079395504384088,-0.1499695503166053,0.13652940372106695,2.0937329097514983,2.4391822572817885,12.207291563213916,0.6108652381979897,14.999999999999439
88.08808808808809,0.5079395138691,-0.14996954374050456,0.13652940061154106,2.1362762701943305,2.4075504976022493,12.220958170036978,0.6108652381979899,14.999999999999444
88.18818818818819,0.5079394778199952,-0.1499695372579497,0.13652939754624874,2.179247946332421,2.376503094649302,12.234624776550996,0.6108652381979901,14.999999999999448
88.28828828828829,0.5079394422836875,-0.14996953086760878,0.13652939452456017,2.222639916845753,2.3460458436777825,12.248291382760367,0.6108652381979903,14.999999999999451
88.38838838838839,0.507939407252877,-0.1499695245681691,0.1365293915458546,2.2664440788644473,2.3161844320192864,12.26195798866943,0.6108652381979905,14.999999999999455
88.48848848848849,0.5079393727203713,-0.14996951835833724,0.13652938860952046,2.3106522479687066,2.286924439082212,12.275624594282455,0.6108652381979908,14.999999999999456
88.58858858858859,0.5079393386790848,-0.14996951223683913,0.1365293857149552,2.355256158188875,2.2582713363517173,12.289291199603657,0.6108652381979909,14.999999999999456
88.68868868868869,0.5079393051220339,-0.14996950620241886,0.13652938286156502,2.400247468647101,2.2302304832253586,12.302957804637177,0.6108652381979908,14.999999999999456
88.78878878878879,0.5079392720423118,-0.1499695002538345,0.13652938004876264,2.445617799214881,2.2028071028953353,12.316624409387126,0.610865238197991,14.999999999999453
88.88888888888889,0.5079392394331429,-0.1499694943898675,0.1365293772759719,2.4913586647310915,2.176006322470728,12.330291013857522,0.6108652381979912,14.999999999999451
88.988988988989,0.5079392072878476,-0.1499694886093168,0.13652937454262487,2.537461510179793,2.14983315368916,12.34395761805234,0.6108652381979915,14.999999999999448
89.08908908908909,0.507939175599835,-0.1499694829109972,0.13652937184816108,2.5839177199805734,2.1242924873343147,12.35762422197549,0.6108652381979917,14.999999999999446
89.1891891891892,0.507939144362603,-0.1499694772937394,0.13652936919202768,2.630718617988598,2.0993890932359083,12.37129082563084,0.6108652381979918,14.999999999999444
89.28928928928929,0.5079391135697374,-0.14996947175639003,0.13652936657367926,2.677855467494561,2.075127620269715,12.384957429022196,0.6108652381979915,14.999999999999444
89.3893893893894,0.507939083214913,-0.14996946629781158,0.13652936399257795,2.7253194712247355,2.051512596357542,12.398624032153318,0.6108652381979912,14.999999999999442
89.48948948948949,0.5079390532918927,-0.1499694609168825,0.13652936144819344,2.773101771340921,2.028548428467255,12.41229063502791,0.6108652381979907,14.999999999999444
89.5895895895896,0.5079390237945282,-0.14996945561249722,0.1365293589400029,2.8211934494404978,2.0062394026127532,12.425957237649628,0.61086523819799,14.999999999999444
89.68968968968969,0.5079389947167594,-0.14996945038356593,0.13652935646749106,2.8695855265563694,1.9845896838539947,12.439623840022067,0.6108652381979892,14.999999999999446
89.7897897897898,0.5079389660526149,-0.14996944522901484,0.13652935403015012,2.918268963157023,1.96360331629697,12.453290442148779,0.6108652381979885,14.999999999999446
89.88988988988989,0.5079389377962117,-0.14996944014778602,0.1365293516274799,2.9672346591464778,1.943284223093724,12.466957044033258,0.6108652381979881,14.999999999999448
89.98998998999,0.5079389099417551,-0.14996943513883743,0.13652934925898763,3.0164734541496143,1.9236362063320072,12.480623645678946,0.6108652381979879,14.999999999999446
90.09009009009009,0.5079388824835152,-0.14996943020113873,0.13652934692418606,3.0659761678428894,1.9046629305261846,12.494290247089245,0.6108652381979879,14.999999999999446
90.1901901901902,0.5079388554158573,-0.14996942533367663,0.13652934462259608,3.1157335578638534,1.886367936721137,12.507956848267506,0.6108652381979878,14.999999999999448
90.29029029029029,0.5079388287332397,-0.1499694205354546,0.13652934235374653,3.1657363145170248,1.8687546469059593,12.521623449217019,0.6108652381979877,14.999999999999448
90.3903903903904,0.5079388024301937,-0.14996941580548925,0.13652934011717235,3.215975090616349,1.8518263530997083,12.535290049941034,0.6108652381979875,14.99999999999945
90.49049049049049,0.5079387765013236,-0.14996941114281032,0.13652933791241478,3.2664405014851416,1.835586217351424,12.548956650442756,0.6108652381979874,14.999999999999448
90.5905905905906,0.5079387509413067,-0.1499694065464606,0.13652933573902123,3.317123124956146,1.8200372717401077,12.562623250725348,0.6108652381979873,14.999999999999446
90.69069069069069,0.5079387257448933,-0.1499694020154961,0.1365293335965453,3.368013501371475,1.805182418374743,12.576289850791927,0.6108652381979873,14.99999999999944
90.7907907907908,0.5079387009069067,-0.14996939754898592,0.13652933148454677,3.419102133582671,1.791024429394276,12.58995645064557,0.6108652381979874,14.999999999999433
90.89089089089089,0.5079386764222431,-0.14996939314601226,0.13652932940259174,3.470379486950643,1.7775659469676346,12.603623050289308,0.6108652381979875,14.999999999999424
90.990990990991,0.5079386522858719,-0.14996938880567046,0.13652932735025236,3.5218359893457274,1.7648094832937105,12.61728964972613,0.6108652381979877,14.999999999999416
91.09109109109109,0.5079386284928352,-0.149969384527069,0.1365293253271071,3.573462031147636,1.7527574206013739,12.63095624895898,0.6108652381979879,14.999999999999407
91.1911911911912,0.5079386050382483,-0.1499693803093295,0.13652932333274054,3.6252479652455007,1.7414120111494624,12.644622847990764,0.610865238197988,14.999999999999401
91.29129129129129,0.5079385819172996,-0.14996937615158665,0.13652932136674356,3.6771841070378333,1.7307753772267893,12.658289446824337,0.6108652381979881,14.9999999999994
91.3913913913914,0.5079385591252431,-0.14996937205298702,0.13652931942871258,3.729260749151699,1.7208495082603767,12.671956045462524,0.6108652381979882,14.9999999999994
91.49149149149149,0.5079385366573884,-0.14996936801268718,0.13652931751824876,3.781468191875985,1.711636252886022,12.685622643908102,0.610865238197988,14.999999999999398
91.5915915915916,0.5079385145091359,-0.14996936402985997,0.13652931563496104,3.8337966671525736,1.7031373335358595,12.699289242163811,0.6108652381979877,14.999999999999392
91.69169169169169,0.5079384926759487,-0.1499693601036896,0.1365293137784637,3.886236388633126,1.695354338945623,12.712955840232341,0.6108652381979873,14.999999999999389
91.7917917917918,0.5079384711533502,-0.14996935623337107,0.13652931194837606,3.938777557091686,1.6882887231977508,12.726622438116356,0.6108652381979871,14.999999999999387
91.89189189189189,0.507938449936924,-0.14996935241811013,0.1365293101443226,3.9914103604246214,1.6819418057213928,12.740289035818478,0.6108652381979871,14.999999999999389
91.991991991992,0.5079384290223136,-0.14996934865712339,0.13652930836593288,4.044124973650679,1.6763147712924042,12.753955633341297,0.6108652381979873,14.999999999999396
92.09209209209209,0.5079384084052223,-0.14996934494963823,0.1365293066128416,4.096911558910934,1.6714086700333513,12.76762223068736,0.6108652381979878,14.999999999999408
92.1921921921922,0.5079383880814141,-0.14996934129489287,0.1365293048846885,4.149760265468837,1.6672244174135056,12.781288827859191,0.6108652381979883,14.999999999999424
92.29229229229229,0.5079383680467126,-0.14996933769213633,0.1365293031811185,4.202661229710165,1.6637627942488498,12.794955424859266,0.610865238197989,14.999999999999444
92.3923923923924,0.5079383482970015,-0.14996933414062838,0.13652930150178155,4.255604575143078,1.6610244467020723,12.808622021690033,0.6108652381979899,14.999999999999464
92.49249249249249,0.5079383288282249,-0.14996933063963966,0.13652929984633275,4.308580412398053,1.659009886282572,12.822288618353898,0.6108652381979905,14.999999999999481
92.5925925925926,0.5079383096363865,-0.14996932718845155,0.13652929821443227,4.361578839227959,1.6577194898464542,12.83595521485324,0.6108652381979912,14.999999999999496
92.69269269269269,0.5079382907175507,-0.14996932378635633,0.13652929660574542,4.414589940507984,1.6571534995965338,12.849621811190394,0.6108652381979914,14.999999999999499
92.7927927927928,0.5079382720678275,-0.14996932043265443,0.1365292950199415,4.467603825146536,1.6573120226273443,12.863288407367675,0.6108652381979913,14.999999999999496
92.89289289289289,0.5079382536833852,-0.1499693171266569,0.13652929345669465,4.52061060655189,1.658195028319577,12.876955003387351,0.6108652381979911,14.99999999999949
92.992992992993,0.5079382355604616,-0.1499693138676871,0.136529291915685,4.573600364234959,1.6598023502236565,12.890621599251666,0.6108652381979908,14.999999999999485
93.09309309309309,0.5079382176953436,-0.1499693106550774,0.1365292903965968,4.626563190232748,1.6621336872150527,12.90428819496282,0.6108652381979904,14.99999999999948
93.1931931931932,0.5079382000843677,-0.14996930748816895,0.13652928889911858,4.679489189215304,1.6651886034950005,12.917954790522995,0.6108652381979903,14.999999999999476
93.29329329329329,0.5079381827239193,-0.1499693043663118,0.13652928742294299,4.732368478485668,1.6689665285904947,12.93162138593433,0.6108652381979904,14.999999999999472
93.3933933933934,0.5079381656104333,-0.14996930128886485,0.1365292859677668,4.785191187979925,1.6734667573542947,12.945287981198952,0.6108652381979907,14.999999999999472
93.49349349349349,0.5079381487403938,-0.1499692982551958,0.13652928453329116,4.837947460267153,1.6786884499649208,12.958954576318941,0.6108652381979911,14.999999999999474
93.5935935935936,0.507938132110334,-0.14996929526468136,0.13652928311922122,4.890627450549474,1.6846306319266582,12.972621171296366,0.6108652381979918,14.999999999999478
93.69369369369369,0.5079381157168368,-0.14996929231670691,0.13652928172526643,4.943221326662002,1.6912921940695513,12.98628776613325,0.6108652381979925,14.999999999999483
93.7937937937938,0.5079380995565339,-0.1499692894106668,0.13652928035114043,4.995719269072893,1.6986718925494104,12.999954360831596,0.6108652381979933,14.99999999999949
93.89389389389389,0.5079380836261066,-0.14996928654596423,0.13652927899656095,5.048111470883306,1.7067683488478063,13.013620955393378,0.6108652381979941,14.999999999999496
93.993993993994,0.5079380679222852,-0.14996928372201124,0.13652927766125,5.100388137827428,1.7155800497720737,13.027287549820537,0.6108652381979947,14.999999999999503
94.09409409409409,0.5079380524418495,-0.1499692809382287,0.1365292763449338,5.152539488272448,1.7251053474553062,13.04095414411498,0.6108652381979949,14.999999999999504
94.1941941941942,0.5079380371816157,-0.14996927819404413,0.1365292750473416,5.204555794623753,1.7353424667533286,13.054620738278611,0.6108652381979948,14.999999999999504
94.29429429429429,0.5079380221384491,-0.14996927548889386,0.13652927376820684,5.256427355053205,1.7462894970539784,13.06828733231328,0.6108652381979945,14.9999999999995
94.3943943943944,0.5079380073092714,-0.1499692728222243,0.13652927250726776,5.308144461368376,1.7579443882955914,13.081953926220825,0.6108652381979942,14.999999999999496
94.49449449449449,0.5079379926910448,-0.14996927019348918,0.13652927126426606,5.359697443472474,1.7703049606285208,13.095620520003045,0.610865238197994,14.999999999999492
94.5945945945946,0.5079379782807716,-0.1499692676021494,0.13652927003894683,5.411076669371633,1.7833689044165846,13.109287113661724,0.6108652381979938,14.999999999999492
94.69469469469469,0.5079379640754941,-0.14996926504767313,0.1365292688310586,5.462272545174857,1.7971337802370517,13.122953707198615,0.6108652381979939,14.999999999999496
94.7947947947948,0.5079379500722953,-0.1499692625295358,0.13652926764035328,5.513275515094071,1.8115970188806565,13.136620300615455,0.6108652381979941,14.999999999999504
94.89489489489489,0.5079379362682981,-0.14996926004722005,0.1365292664665863,5.564076061444073,1.8267559213515847,13.150286893913952,0.6108652381979945,14.999999999999519
94.994994994995,0.5079379226606661,-0.1499692576002158,0.13652926530951645,5.614664704642582,1.8426076588674865,13.163953487095792,0.6108652381979951,14.999999999999535
95.09509509509509,0.5079379092466026,-0.14996925518802015,0.13652926416890593,5.66503200321019,1.859149272859463,13.177620080162635,0.6108652381979958,14.999999999999554
95.1951951951952,0.5079378960233518,-0.1499692528101375,0.1365292630445204,5.715168553770408,1.8763776749720809,13.19128667311612,0.6108652381979965,14.999999999999575
95.29529529529529,0.5079378829881978,-0.14996925046607953,0.13652926193612894,5.765064991049624,1.8942896470633577,13.204953265957855,0.6108652381979973,14.999999999999595
95.3953953953954,0.5079378701384647,-0.14996924815536505,0.13652926084350403,5.814711987877142,1.9128818412047766,13.218619858689436,0.6108652381979979,14.99999999999961
95.49549549549549,0.5079378574715174,-0.1499692458775202,0.13652925976642163,5.864100255185145,1.9321507796812716,13.232286451312428,0.6108652381979982,14.999999999999615
95.5955955955956,0.5079378449847533,-0.14996924363207692,0.1365292587046604,5.9132205714306485,1.9520928664240014,13.245953043828376,0.6108652381979982,14.999999999999613
95.69569569569569,0.5079378326756044,-0.14996924141857346,0.136529257658002,5.962063784132203,1.972704384668713,13.259619636238803,0.610865238197998,14.999999999999611
95.7957957957958,0.5079378205415523,-0.14996923923655692,0.13652925662623222,6.010620751796196,1.9939814753469587,13.273286228545208,0.6108652381979978,14.99999999999961
95.89589589589589,0.5079378085801115,-0.1499692370855803,0.13652925560913975,6.05888239431172,2.015920158949909,13.286952820749066,0.6108652381979975,14.999999999999606
95.995995995996,0.5079377967888292,-0.1499692349652026,0.136529254606516,6.106839693863054,2.0385163359030707,13.300619412851837,0.6108652381979974,14.999999999999604
96.09609609609609,0.5079377851652859,-0.14996923287498864,0.1365292536181552,6.154483694929613,2.061765786566258,13.314286004854957,0.6108652381979975,14.9999999999996
96.1961961961962,0.5079377737070945,-0.14996923081450925,0.13652925264385443,6.2018055042859945,2.0856641712336224,13.327952596759841,0.6108652381979977,14.999999999999599
96.29629629629629,0.507937762411901,-0.14996922878334112,0.1365292516834135,6.248796291001932,2.110207030133623,13.341619188567892,0.6108652381979979,14.999999999999595
96.3963963963964,0.5079377512773847,-0.14996922678106686,0.1365292507366351,6.295447286442346,2.135389783429057,13.355285780280488,0.6108652381979983,14.999999999999593
96.49649649649649,0.5079377403012572,-0.14996922480727498,0.13652924980332462,6.341749784267284,2.161207731217028,13.368952371898983,0.6108652381979989,14.999999999999591
96.5965965965966,0.5079377294812631,-0.14996922286155995,0.13652924888329032,6.387695140431991,2.187656053528978,13.382618963424726,0.6108652381979994,14.99999999999959
96.69669669669669,0.5079377188151804,-0.1499692209435221,0.13652924797634325,6.433274773186835,2.214729810330656,13.396285554859027,0.6108652381979999,14.99999999999959
96.7967967967968,0.5079377083008193,-0.14996921905276778,0.13652924708229722,6.4784801630773785,2.242423941522149,13.409952146203198,0.6108652381980004,14.99999999999959
96.89689689689689,0.5079376979360234,-0.1499692171889091,0.13652924620096893,6.523302852944313,2.2707332669378517,13.42361873745851,0.6108652381980006,14.999999999999591
96.996996996997,0.5079376877186641,-0.14996921535156332,0.13652924533217736,6.567734467672161,2.29965249887615,13.437285328626237,0.6108652381980006,14.999999999999593
97.09709709709709,0.5079376776466392,-0.14996921354035245,0.1365292444757437,6.611766732680395,2.3291762509729765,13.450951919707617,0.6108652381980005,14.999999999999591
97.1971971971972,0.5079376677178876,-0.14996921175490577,0.13652924363149269,6.6553914080486525,2.3592989966757383,13.464618510703884,0.6108652381980004,14.999999999999588
97.29729729729729,0.5079376579303756,-0.14996920999485766,0.1365292427992514,6.698600335450722,2.3900151018344697,13.47828510161624,0.6108652381980003,14.999999999999584
97.3973973973974,0.5079376482820965,-0.1499692082598472,0.13652924197884922,6.7413854406802445,2.4213188263726377,13.49195169244588,0.6108652381980002,14.999999999999583
97.49749749749749,0.5079376387710706,-0.1499692065495184,0.13652924117011783,6.7837387336506545,2.4532043242871056,13.50561828319398,0.6108652381980002,14.999999999999584
97.5975975975976,0.5079376293953447,-0.14996920486352006,0.13652924037289113,6.825652308395235,2.4856656436481726,13.519284873861702,0.6108652381980002,14.99999999999959
97.69769769769769,0.507937620152993,-0.14996920320150584,0.13652923958700539,6.867118343067069,2.5186967265995337,13.532951464450186,0.6108652381980004,14.9999999999996
97.7977977977978,0.5079376110421163,-0.1499692015631342,0.13652923881229906,6.908129099939082,2.5522914093583164,13.546618054960563,0.6108652381980006,14.999999999999615
97.89789789789789,0.5079376020608424,-0.14996919994806845,0.136529238048613,6.948676925404001,2.5864434222150483,13.560284645393944,0.610865238198001,14.99999999999963
97.997997997998,0.5079375932073256,-0.14996919835597677,0.13652923729579028,6.988754249974399,2.6211463895336884,13.573951235751426,0.6108652381980014,14.999999999999648
98.09809809809809,0.5079375844797475,-0.14996919678653214,0.13652923655367624,7.028353588282651,2.6563938297515963,13.58761782603409,0.6108652381980018,14.999999999999664
98.1981981981982,0.5079375758763165,-0.14996919523941235,0.13652923582211854,7.06746753908097,2.692179155379559,13.601284416243002,0.6108652381980021,14.999999999999677
98.29829829829829,0.5079375673952677,-0.1499691937143001,0.13652923510096715,7.106088785241375,2.7284956730017664,13.614951006379204,0.6108652381980023,14.999999999999684
98.3983983983984,0.5079375590348604,-0.14996919221088223,0.13652923439007397,7.14421010775925,2.765336596560986,13.628617596443739,0.6108652381980024,14.999999999999684
98.49849849849849,0.5079375507933733,-0.14996919072884932,0.1365292336892927,7.181824408498706,2.802695065857238,13.642284186437623,0.6108652381980025,14.999999999999686
98.5985985985986,0.5079375426691202,-0.1499691892678981,0.13652923299847994,7.218924649609006,2.840564088904561,13.65595077636186,0.6108652381980028,14.99999999999969
98.69869869869869,0.5079375346604369,-0.1499691878277293,0.13652923231749414,7.255503892723268,2.878936582533939,13.66961736621744,0.610865238198003,14.999999999999693
98.7987987987988,0.5079375267656815,-0.14996918640804774,0.1365292316461958,7.291555302268798,2.9178053756559352,13.683283956005335,0.6108652381980031,14.999999999999694
98.89889889889889,0.5079375189832342,-0.14996918500856204,0.1365292309844471,7.327072145467048,2.9571632092606537,13.696950545726509,0.6108652381980032,14.999999999999694
98.998998998999,0.5079375113114971,-0.1499691836289849,0.13652923033211223,7.362047792333657,2.997002736417778,13.710617135381913,0.6108652381980033,14.999999999999693
99.09909909909909,0.507937503748894,-0.14996918226903289,0.13652922968905715,7.39647571567841,3.037316522276531,13.72428372497248,0.6108652381980032,14.999999999999687
99.1991991991992,0.5079374962938711,-0.1499691809284266,0.13652922905514972,7.430349491105277,3.0780970440657156,13.737950314499138,0.6108652381980031,14.999999999999678
99.29929929929929,0.5079374889448963,-0.14996917960689046,0.13652922843025966,7.463662797012379,3.1193366910936753,13.751616903962791,0.610865238198003,14.99999999999967
99.3993993993994,0.5079374817004596,-0.14996917830415302,0.1365292278142586,7.4964094145920175,3.1610277647483316,13.765283493364342,0.6108652381980028,14.999999999999659
99.49949949949949,0.507937474559073,-0.14996917701994664,0.13652922720701996,7.528583227830648,3.2031624784971484,13.77895008270467,0.6108652381980024,14.999999999999648
99.5995995995996,0.5079374675192704,-0.14996917575400764,0.13652922660841904,7.5601782235089035,3.2457329578871663,13.79261667198465,0.6108652381980022,14.99999999999964
99.69969969969969,0.5079374605796075,-0.1499691745060764,0.1365292260183331,7.591188491201572,3.288731240544968,13.806283261205136,0.610865238198002,14.999999999999634
99.7997997997998,0.5079374537386621,-0.14996917327589707,0.13652922543664114,7.62160822916268,3.33214928343815,13.81994985036698,0.6108652381980019,14.999999999999634
99.89989989989989,0.5079374469950295,-0.14996917206321708,0.13652922486322375,7.651431766357249,3.3759789901906734,13.833616439471008,0.6108652381980018,14.999999999999632
100.0,0.5079374403473256,-0.14996917086778752,0.1365292242979632,7.680653534203803,3.4202121766109825,13.847283028518047,0.6108652381980019,14.999999999999632
